0.0 9.424777961 -8.0
0.02 9.265471400690012 -7.935946630773109
0.04 9.10713231978481 -7.903038694590015
0.06 8.949152660093595 -7.899689281466446
0.08 8.790962118176224 -7.923714002171837
0.1 8.632039875390711 -7.97235169259527
0.12 8.471925968254838 -8.04228077761785
0.14 8.31023231523464 -8.129638577839552
0.16 8.146653259341894 -8.230051852517274
0.18 7.98097531542863 -8.338687201486582
0.2 7.813085642872051 -8.450329343742264
0.22 7.642978619882288 -8.559493481201952
0.24 7.470759801117095 -8.660574757106905
0.26 7.296646523685663 -8.748033251083182
0.28 7.120964512489979 -8.816607362896938
0.3 6.944140037966069 -8.861542554972494
0.32 6.766687493266474 -8.878817315549833
0.34 6.58919265620387 -8.865345078883962
0.36 6.412292333242041 -8.819130733102378
0.38 6.23665148182839 -8.739363772172875
0.4 6.062939204085551 -8.626436834877857
0.42 5.891805143774882 -8.481887230344707
0.44 5.723857772201542 -8.308268403738074
0.46 5.559645825682447 -8.108966339313458
0.48 5.399643798968801 -7.887981185944347
0.5 5.244241969277566 -7.649696203919474
0.52 5.093740993975532 -7.39865458873758
0.54 4.948350751500855 -7.139360628443424
0.56 4.808192819593261 -6.876116158858643
0.58 4.673305823213212 -6.612897570734246
0.6 4.543652831247237 -6.353273615675026
0.62 4.419130016083304 -6.100360495510512
0.64 4.299575886256326 -5.856808370348204
0.66 4.184780532142852 -5.624812367626248
0.68 4.07449446481646 -5.406141138535974
0.7 3.968436761639299 -5.202176655873179
0.72 3.866302348469249 -5.013959968789552
0.74 3.767768342608184 -4.842238779785328
0.76 3.672499452047175 -4.687513819072933
0.78 3.580152477069195 -4.550081962839966
0.8 3.490379993128047 -4.430074831523377
0.82 3.402833312877257 -4.327492206192794
0.84 3.317164833886515 -4.242230032199018
0.86 3.233029880109623 -4.174103066959248
0.88 3.150088142116694 -4.122862403870455
0.9 3.068004815428687 -4.088208196199354
0.92 2.986451529395522 -4.069797939071856
0.94 2.905107151871218 -4.067250665708292
0.96 2.823658548007396 -4.080147393013064
0.98 2.741801365049125 -4.108028125226268
1.0 2.659240909067997 -4.150385703572499
1.02 2.57569317390094 -4.206656783711553
1.04 2.490886076809007 -4.276210238886305
1.06 2.404560949017503 -4.358333331397488
1.08 2.31647432172028 -4.452216073627337
1.1 2.226400038610439 -4.55693431585183
1.12 2.13413171377285 -4.671432252587845
1.14 2.039485538090738 -4.794505229493767
1.16 1.942303417534528 -4.924783950731742
1.18 1.842456402404409 -5.060721416817713
1.2 1.739848337770866 -5.20058414105181
1.22 1.634419632565502 -5.342449364523029
1.24 1.52615100936173 -5.484210071970282
1.26 1.415067061136617 -5.623589553461018
1.28 1.301239408526273 -5.75816700921041
1.3 1.184789225529652 -5.885415214721104
1.32 1.065888888190382 -6.002750529260124
1.34 0.9447625045157 -6.107594555027767
1.36 0.82168510910786 -6.197445595259008
1.38 0.69698035534938 -6.26995682593089
1.4 0.57101661150329 -6.323016942766539
1.42 0.44420146134485 -6.354828155809537
1.44 0.31697471782441 -6.363975958054563
1.46 0.1898001694129 -6.349485230827317
1.48 0.063156380813987 -6.310858025861602
1.5 -0.06247304990966 -6.248089736792064
1.52 -0.18660932759636 -6.161662187614464
1.54 -0.30878793005609 -6.052514183842537
1.56 -0.42856728307131 -5.921992014414508
1.58 -0.54553627798737 -5.771783994882831
1.6 -0.65932036301986 -5.603844207840453
1.62 -0.76958604791629 -5.420311028324155
1.64 -0.87604377243893 -5.223425832801009
1.66 -0.978449190797 -5.015456586216761
1.68 -1.076603007940064 -4.798629948317238
1.7 -1.170349564407796 -4.575074324252728
1.72 -1.259574402716027 -4.346775076493571
1.74 -1.344201061605252 -4.115542047119241
1.76 -1.424187338587631 -3.882988693219108
1.78 -1.499521240936046 -3.650521546052403
1.8 -1.570216815632759 -3.419338359560828
1.82 -1.636310014469554 -3.190433181791784
1.84 -1.697854715261457 -2.964606615948689
1.86 -1.754918986795002 -2.742479685219897
1.88 -1.807581655487565 -2.524509930644385
1.9 -1.855929206742489 -2.31100861587477
1.92 -1.900053033935816 -2.102158158491107
1.94 -1.940047032685274 -1.898029135671448
1.96 -1.976005527058022 -1.698596411741604
1.98 -2.008021507046984 -1.503754101794592
2.0 -2.036185152316873 -1.313329218916412
2.02 -2.060582615245033 -1.127093955045589
2.04 -2.081295036079744 -0.94477662107875
2.06 -2.098397764116416 -0.76607132503737
2.08 -2.111959760747816 -0.59064650242727
2.1 -2.122043162762325 -0.41815243445978
2.12 -2.128702987105051 -0.24822790109512
2.14 -2.131986961305425 -0.08050611981238
2.16 -2.131935466788611 0.08537988012319
2.18 -2.128581585242799 0.24979230264363
2.2 -2.121951241055245 0.41308391058039
2.22 -2.11206343552081 0.57559350173193
2.24 -2.098930571042802 0.73764141421524
2.26 -2.082558865866245 0.89952495034046
2.28 -2.062948861985328 1.061513619850901
2.3 -2.040096030719822 1.223844116731552
2.32 -2.01399148201789 1.38671495958857
2.34 -1.984622784758069 1.550280744695672
2.36 -1.951974906115521 1.714645984174096
2.38 -1.916031278331117 1.879858530473645
2.4 -1.876775000859287 2.045902623388758
2.42 -1.834190184735328 2.21269163817207
2.44 -1.788263443943082 2.380060663490668
2.46 -1.738985535420752 2.547759096080204
2.48 -1.686353144963126 2.71544350427814
2.5 -1.630370810534136 2.882671083362228
2.52 -1.571052967315628 3.048894098582103
2.54 -1.508426090187983 3.213455782057948
2.56 -1.442530899383874 3.375588210557179
2.58 -1.373424584050508 3.534412733891133
2.6 -1.301182986860668 3.688943538048848
2.62 -1.225902681306669 3.838094902050813
2.64 -1.14770286279478 3.980692631976195
2.66 -1.066726966232983 4.115490020743205
2.68 -0.98314391771697 4.241188483071531
2.7 -0.8971489274524 4.356462752973385
2.72 -0.80896373638256 4.459990215779752
2.74 -0.71883624100881 4.550483597434503
2.76 -0.62703943999928 4.62672587956957
2.78 -0.53386967212108 4.687605986590416
2.8 -0.43964414675596 4.73215354164792
2.82 -0.34469780390727 4.759570851492458
2.84 -0.24937957759388 4.769260287267246
2.86 -0.15404817177795 4.760845396235597
2.88 -0.059067488259108 4.734184405804194
2.9 0.035198131677242 4.68937524228461
2.92 0.12838867793771 4.626751739523828
2.94 0.22015308007617 4.546871299972477
2.96 0.31015348992516 4.450494830764281
2.98 0.39806909618423 4.338560251983416
3.0 0.48359935837501 4.212151218404815
3.02 0.56646658254348 4.072462883418678
3.04 0.64641779818373 3.920766559660422
3.06 0.72322593196115 3.758375009908428
3.08 0.79669030627068 3.58660986415229
3.1 0.86663651752512 3.406772343314374
3.12 0.93291576918533 3.220118118067076
3.14 0.99540374757402 3.027836780123605
3.16 1.053999134790046 2.831036083331847
3.18 1.108621853404277 2.63073084334508
3.2 1.159211133222939 2.427836178316461
3.22 1.205723482528719 2.223164631155591
3.24 1.248130636108838 2.017426632029775
3.26 1.286417541171151 1.811233729325911
3.28 1.320580430856399 1.605104027363129
3.3 1.350625024173978 1.399469308450704
3.32 1.376564881297194 1.194683374874513
3.34 1.398419934532384 0.99103121402775
3.36 1.416215208042178 0.78873865997196
3.38 1.429979733548769 0.58798229187614
3.4 1.439745664671142 0.38889937037508
3.42 1.445547589104637 0.19159766466371
3.44 1.447422035342735 -0.0038349350486372
3.46 1.445407168865489 -0.19732109360539
3.48 1.439542671471759 -0.38878504798224
3.5 1.429869796516365 -0.57814400601585
3.52 1.416431592045532 -0.76529996430578
3.54 1.399273283038757 -0.95013198750039
3.56 1.378442803017088 -1.132489002598314
3.58 1.353991464043712 -1.312183178853988
3.6 1.32597475252549 -1.488983984994445
3.62 1.294453236155946 -1.662613039125005
3.64 1.259493564788781 -1.832739891020192
3.66 1.221169545005143 -1.998978899213207
3.68 1.179563264695136 -2.16088738380537
3.7 1.134766240227465 -2.317965247284095
3.72 1.086880554904736 -2.469656256717016
3.74 1.036019953633385 -2.615351168313075
3.76 0.98231085537534 -2.75439284661327
3.78 0.92589324234419 -2.886083483255181
3.8 0.86692138344713 -3.009693953217045
3.82 0.80556434954837 -3.124475260145618
3.84 0.74200628010375 -3.229671919278368
3.86 0.67644636488283 -3.324537011362314
3.88 0.60909851102509 -3.408348520990001
3.9 0.54019067458131 -3.480426457157691
3.92 0.46996384677421 -3.540150153299623
3.94 0.3986706980642 -3.586975069708492
3.96 0.3265738970941 -3.62044838339921
3.98 0.25394413589862 -3.64022265709337
4.0 0.18105790645843 -3.64606693442636
4.02 0.10819508577574 -3.63787471237173
4.04 0.035636396223244 -3.615668388785842
4.06 -0.036339185792537 -3.579599962592538
4.08 -0.10745699732646 -3.529947962285981
4.1 -0.17744915854902 -3.467110778715632
4.12 -0.24605687597378 -3.391596763849092
4.14 -0.31303251952831 -3.304011613462083
4.16 -0.37814142532681 -3.205043667047565
4.18 -0.44116338942671 -3.095447825897858
4.2 -0.50189383213494 -2.97602880864079
4.22 -0.56014462660873 -2.847624435689076
4.24 -0.61574459871383 -2.711089567227494
4.26 -0.66853971667485 -2.56728122331257
4.28 -0.71839299850222 -2.417045300412599
4.3 -0.76518417225537 -2.261205177152386
4.32 -0.80880912885332 -2.100552382791645
4.34 -0.84917920950062 -1.935839392728374
4.36 -0.88622037011485 -1.767774521417322
4.38 -0.91987226376187 -1.597018807520686
4.4 -0.9500872794064 -1.424184729753293
4.42 -0.97682957164592 -1.249836553943818
4.44 -1.000074111865672 -1.074492090288721
4.46 -1.019805786733063 -0.89862563186827
4.48 -1.036018565382305 -0.72267184814429
4.5 -1.04871475220615 -0.54703041729839
4.52 -1.057904337991088 -0.37207119607991
4.54 -1.063604458274409 -0.19813974289848
4.56 -1.065838964290878 -0.025563027281712
4.58 -1.064638108704678 0.14534482490971
4.6 -1.060038345456167 0.31427688690768
4.62 -1.05208224044596 0.4809280118531
4.64 -1.040818487378022 0.64498975476911
4.66 -1.026302020837408 0.80614574489268
4.68 -1.008594216543644 0.96406761288254
4.7 -0.98776316666729 1.118411573836366
4.72 -0.96388401611252 1.268815763588216
4.74 -0.93703934376092 1.414898421306218
4.76 -0.90731957087309 1.556257004784213
4.78 -0.87482337720991 1.692468314838886
4.8 -0.83965810404329 1.82308969079851
4.82 -0.80194012217436 1.94766131931709
4.84 -0.76179514247903 2.065709673103305
4.86 -0.71935844647568 2.176752064492006
4.88 -0.67477501507516 2.280302261532108
4.9 -0.62819953513142 2.375877072477891
4.92 -0.57979626573634 2.463003759983261
4.94 -0.52973874942807 2.541228101290827
4.96 -0.47820935758826 2.610122868204449
4.98 -0.42539866420734 2.669296463915342
5.0 -0.37150464774936 2.718401426184524
5.02 -0.31673172683342 2.757142491090675
5.04 -0.26128964159605 2.785283911051628
5.06 -0.20539219859348 2.802655736693701
5.08 -0.14925590261335 2.809158804728323
5.1 -0.093098503463647 2.804768222269271
5.12 -0.037137489401771 2.789535199560499
5.14 0.018411438871205 2.763587154217015
5.16 0.073335878945849 2.727126086211989
5.18 0.12742818821303 2.680425298876866
5.2 0.18048686441645 2.623824612023943
5.22 0.23231781707164 2.557724274359828
5.24 0.28273550621882 2.482577829973463
5.26 0.33156393041729 2.398884225436818
5.28 0.37863745179709 2.307179458928108
5.3 0.42380145202182 2.2080280711379
5.32 0.46691281886847 2.102014761129761
5.34 0.50784026852227 1.989736381327045
5.36 0.54646451339738 1.871794527517719
5.38 0.58267828917759 1.74878889558967
5.4 0.61638625773933 1.621311529929262
5.42 0.64750480465082 1.489942041990631
5.44 0.67596175106886 1.355243833896889
5.46 0.70169600015212 1.217761322863483
5.48 0.72465713768246 1.078018128886311
5.5 0.74480500555278 0.93651616105682
5.52 0.76210926526955 0.79373551708222
5.54 0.77654896675117 0.65013509572993
5.56 0.78811213559434 0.50615381233432
5.58 0.7967953897251 0.36221230239388
5.6 0.80260359403163 0.21871499678897
5.62 0.80554955925536 0.076052453432253
5.64 0.80565378914357 -0.065396166511384
5.66 0.80294427767492 -0.20526058493598
5.68 0.79745635608369 -0.34317695698419
5.7 0.78923258744496 -0.47878558000345
5.72 0.77832270475466 -0.61172884911934
5.74 0.76478358675676 -0.74164953965028
5.76 0.74867926424718 -0.86818948824992
5.78 0.7300809482373 -0.99098873541032
5.8 0.70906707020918 -1.109685181548067
5.82 0.68572332376565 -1.22391479708239
5.84 0.66014269630181 -1.333312413503034
5.86 0.63242547893274 -1.437513107307465
5.88 0.60267924283973 -1.536154171886842
5.9 0.57101877047696 -1.628877654147864
5.92 0.53756593073678 -1.71533341325605
5.94 0.50244948822362 -1.795182638959529
5.96 0.46580483823486 -1.86810174727968
5.98 0.42777366087905 -1.93378655287958
6.0 0.38850348994259 -1.991956601200133
6.02 0.34814719458915 -2.042359530584481
6.04 0.30686237466471 -2.084775326143319
6.06 0.2648106731872 -2.119020323948751
6.08 0.22215701240995 -2.144950826938731
6.1 0.17906876254082 -2.162466202991353
6.12 0.13571485464634 -2.171511350915126
6.140000000000001 0.092264851354503 -2.172078441097415
6.16 0.048887990584052 -2.164207863339249
6.18 0.0057522185890993 -2.147988343694194
6.2 -0.036976770938699 -2.123556223357306
6.22 -0.07913647514479 -2.091093924095081
6.24 -0.12056848189049 -2.050827654626383
6.26 -0.16111931682556 -2.003024439135034
6.28 -0.20064122509881 -1.947988571341816
6.3 -0.2389928773964 -1.886057614258619
6.32 -0.27603999251572 -1.817598076272807
6.34 -0.31165587134791 -1.7430008983804
6.36 -0.34572183982869 -1.662676885431355
6.38 -0.37812760100803 -1.577052206757492
6.4 -0.40877149878213 -1.486564079391585
6.42 -0.4375606979422 -1.391656731306921
6.44 -0.46441128696432 -1.292777723847953
6.46 -0.48924831135272 -1.190374692915633
6.48 -0.51200574634121 -1.08489254856301
6.5 -0.5326264183556 -0.97677115335361
6.52 -0.55106188486474 -0.86644348186576
6.54 -0.56727228213098 -0.7543342476265
6.56 -0.58122614995382 -0.64085896987666
6.58 -0.59290024182953 -0.52642344108029
6.6 -0.60227932807348 -0.41142354702832
6.62 -0.6093559984174 -0.29624538467101
6.640000000000001 -0.61413046944836 -0.18126561828845
6.66 -0.61661040103946 -0.066852012073925
6.68 -0.61681072467371 0.046635923556807
6.7 -0.61475348531403 0.1588462338191
6.72 -0.61046769725439 0.26943382929676
6.74 -0.60398921322438 0.37805985990797
6.76 -0.59536060493545 0.48439120498677
6.78 -0.58463105227223 0.58810012592404
6.8 -0.57185623746561 0.68886412145503
6.82 -0.55709823985315 0.78636601846902
6.84 -0.54042542625373 0.88029432320896
6.86 -0.52191233157215 0.97034384899683
6.88 -0.5016395240194 1.056216627265187
6.9 -0.47969344929632 1.137623098837155
6.92 -0.45616624825055 1.214283572266006
6.94 -0.43115554288247 1.285929925866699
6.96 -0.40476418614305 1.352307520143866
6.98 -0.37709997172716 1.413177277989508
7.0 -0.34827530100386 1.46831788166895
7.02 -0.3184068053173 1.517528028629187
7.04 -0.28761492310665 1.560628682932488
7.06 -0.2560234325927 1.597465255983734
7.08 -0.22375894211682 1.627909649456917
7.1 -0.19095034154675 1.651862095111785
7.12 -0.15772821942991 1.669252730582328
7.140000000000001 -0.12422425172843 1.68004285713428
7.16 -0.090570568961382 1.68422583460573
7.18 -0.056899109366876 1.681827579901997
7.2 -0.023340966244923 1.672906648030631
7.22 0.0099742620716648 1.657553888158755
7.24 0.042919111158336 1.635891680919416
7.26 0.07536887015094 1.608072776536633
7.28 0.10720217442489 1.574278765658506
7.3 0.13830156436554 1.534718225529887
7.32 0.16855400423728 1.489624592849596
7.34 0.19785135625378 1.439253821019168
7.36 0.2260908061482 1.383881883320527
7.38 0.25317523778994 1.32380218482468
7.4 0.27901355564274 1.259322944635453
7.42 0.3035209550596 1.190764606634447
7.44 0.32661914152317 1.118457331533209
7.46 0.3482365009293 1.042738616139949
7.48 0.36830822385092 0.96395107773034
7.5 0.38677638739102 0.88244043270181
