0.0 9.42477796076938 0.0
0.02 9.42477796076938 -7.200923178986434E-17
0.04 9.42477796076938 -1.440184635797287E-16
0.06 9.42477796076938 -2.1602769536959302E-16
0.08 9.42477796076938 -2.880369271594574E-16
0.1 9.42477796076938 -3.6004615894932174E-16
0.12 9.42477796076938 -4.320553907391861E-16
0.14 9.42477796076938 -5.040646225290504E-16
0.16 9.42477796076938 -5.760738543189148E-16
0.18 9.42477796076938 -6.480830861087791E-16
0.2 9.42477796076938 -7.200923178986435E-16
0.22 9.42477796076938 -7.921015496885078E-16
0.24 9.42477796076938 -8.641107814783722E-16
0.26 9.42477796076938 -9.361200132682364E-16
0.28 9.42477796076938 -1.0081292450581008E-15
0.3 9.42477796076938 -1.0801384768479652E-15
0.32 9.42477796076938 -1.1521477086378295E-15
0.34 9.42477796076938 -1.2241569404276939E-15
0.36 9.42477796076938 -1.2961661722175582E-15
0.38 9.42477796076938 -1.3681754040074226E-15
0.4 9.42477796076938 -1.440184635797287E-15
0.42 9.42477796076938 -1.5121938675871513E-15
0.44 9.42477796076938 -1.5842030993770157E-15
0.46 9.42477796076938 -1.65621233116688E-15
0.48 9.42477796076938 -1.7282215629567444E-15
0.5 9.42477796076938 -1.8002307947466087E-15
0.52 9.42477796076938 -1.872240026536473E-15
0.54 9.42477796076938 -1.944249258326337E-15
0.56 9.42477796076938 -2.0162584901162012E-15
0.58 9.42477796076938 -2.0882677219060654E-15
0.6 9.42477796076938 -2.1602769536959295E-15
0.62 9.42477796076938 -2.2322861854857937E-15
0.64 9.42477796076938 -2.304295417275658E-15
0.66 9.42477796076938 -2.376304649065522E-15
0.68 9.42477796076938 -2.448313880855386E-15
0.7 9.42477796076938 -2.5203231126452503E-15
0.72 9.42477796076938 -2.5923323444351145E-15
0.74 9.42477796076938 -2.6643415762249786E-15
0.76 9.42477796076938 -2.736350808014843E-15
0.78 9.42477796076938 -2.808360039804707E-15
0.8 9.42477796076938 -2.880369271594571E-15
0.82 9.42477796076938 -2.9523785033844353E-15
0.84 9.42477796076938 -3.0243877351742994E-15
0.86 9.42477796076938 -3.0963969669641636E-15
0.88 9.42477796076938 -3.1684061987540278E-15
0.9 9.42477796076938 -3.240415430543892E-15
0.92 9.42477796076938 -3.312424662333756E-15
0.94 9.42477796076938 -3.3844338941236202E-15
0.96 9.42477796076938 -3.4564431259134844E-15
0.98 9.42477796076938 -3.5284523577033486E-15
1.0 9.42477796076938 -3.600461589493213E-15
1.02 9.42477796076938 -3.672470821283077E-15
1.04 9.42477796076938 -3.744480053072941E-15
1.06 9.42477796076938 -3.816489284862805E-15
1.08 9.42477796076938 -3.888498516652669E-15
1.1 9.42477796076938 -3.9605077484425335E-15
1.12 9.42477796076938 -4.032516980232398E-15
1.14 9.42477796076938 -4.104526212022262E-15
1.16 9.42477796076938 -4.176535443812126E-15
1.18 9.42477796076938 -4.24854467560199E-15
1.2 9.42477796076938 -4.320553907391854E-15
1.22 9.42477796076938 -4.3925631391817185E-15
1.24 9.42477796076938 -4.464572370971583E-15
1.26 9.42477796076938 -4.536581602761447E-15
1.28 9.42477796076938 -4.608590834551311E-15
1.3 9.42477796076938 -4.680600066341175E-15
1.32 9.42477796076938 -4.752609298131039E-15
1.34 9.42477796076938 -4.8246185299209034E-15
1.36 9.42477796076938 -4.8966277617107676E-15
1.38 9.42477796076938 -4.968636993500632E-15
1.4 9.42477796076938 -5.040646225290496E-15
1.42 9.42477796076938 -5.11265545708036E-15
1.44 9.42477796076938 -5.184664688870224E-15
1.46 9.42477796076938 -5.2566739206600884E-15
1.48 9.42477796076938 -5.3286831524499526E-15
1.5 9.42477796076938 -5.400692384239817E-15
1.52 9.42477796076938 -5.472701616029681E-15
1.54 9.42477796076938 -5.544710847819545E-15
1.56 9.42477796076938 -5.616720079609409E-15
1.58 9.42477796076938 -5.688729311399273E-15
1.6 9.42477796076938 -5.7607385431891375E-15
1.62 9.42477796076938 -5.832747774979002E-15
1.64 9.42477796076938 -5.904757006768866E-15
1.66 9.42477796076938 -5.97676623855873E-15
1.68 9.42477796076938 -6.048775470348594E-15
1.7 9.42477796076938 -6.120784702138458E-15
1.72 9.42477796076938 -6.1927939339283225E-15
1.74 9.42477796076938 -6.264803165718187E-15
1.76 9.42477796076938 -6.336812397508051E-15
1.78 9.42477796076938 -6.408821629297915E-15
1.8 9.42477796076938 -6.480830861087779E-15
1.82 9.42477796076938 -6.552840092877643E-15
1.84 9.42477796076938 -6.6248493246675074E-15
1.86 9.42477796076938 -6.6968585564573716E-15
1.88 9.42477796076938 -6.768867788247236E-15
1.9 9.42477796076938 -6.8408770200371E-15
1.92 9.42477796076938 -6.912886251826964E-15
1.94 9.42477796076938 -6.984895483616828E-15
1.96 9.42477796076938 -7.0569047154066924E-15
1.98 9.42477796076938 -7.128913947196557E-15
2.0 9.42477796076938 -7.200923178986422E-15
2.02 9.42477796076938 -7.272932410776287E-15
2.04 9.42477796076938 -7.344941642566152E-15
2.06 9.42477796076938 -7.416950874356017E-15
2.08 9.42477796076938 -7.488960106145882E-15
2.1 9.42477796076938 -7.560969337935747E-15
2.12 9.42477796076938 -7.632978569725612E-15
2.14 9.42477796076938 -7.704987801515477E-15
2.16 9.42477796076938 -7.776997033305342E-15
2.18 9.42477796076938 -7.849006265095207E-15
2.2 9.42477796076938 -7.921015496885071E-15
2.22 9.42477796076938 -7.993024728674936E-15
2.24 9.42477796076938 -8.065033960464801E-15
2.26 9.42477796076938 -8.137043192254666E-15
2.28 9.42477796076938 -8.209052424044531E-15
2.3 9.42477796076938 -8.281061655834396E-15
2.32 9.42477796076938 -8.353070887624261E-15
2.34 9.42477796076938 -8.425080119414126E-15
2.36 9.42477796076938 -8.497089351203991E-15
2.38 9.42477796076938 -8.569098582993856E-15
2.4 9.42477796076938 -8.641107814783721E-15
2.42 9.42477796076938 -8.713117046573586E-15
2.44 9.42477796076938 -8.785126278363451E-15
2.46 9.42477796076938 -8.857135510153316E-15
2.48 9.42477796076938 -8.929144741943181E-15
2.5 9.42477796076938 -9.001153973733046E-15
2.52 9.42477796076938 -9.073163205522911E-15
2.54 9.42477796076938 -9.145172437312776E-15
2.56 9.42477796076938 -9.217181669102641E-15
2.58 9.42477796076938 -9.289190900892506E-15
2.6 9.42477796076938 -9.36120013268237E-15
2.62 9.42477796076938 -9.433209364472235E-15
2.64 9.42477796076938 -9.5052185962621E-15
2.66 9.42477796076938 -9.577227828051965E-15
2.68 9.42477796076938 -9.64923705984183E-15
2.7 9.42477796076938 -9.721246291631695E-15
2.72 9.42477796076938 -9.79325552342156E-15
2.74 9.42477796076938 -9.865264755211425E-15
2.76 9.42477796076938 -9.93727398700129E-15
2.78 9.42477796076938 -1.0009283218791155E-14
2.8 9.42477796076938 -1.008129245058102E-14
2.82 9.42477796076938 -1.0153301682370885E-14
2.84 9.42477796076938 -1.022531091416075E-14
2.86 9.42477796076938 -1.0297320145950615E-14
2.88 9.42477796076938 -1.036932937774048E-14
2.9 9.42477796076938 -1.0441338609530345E-14
2.92 9.42477796076938 -1.051334784132021E-14
2.94 9.42477796076938 -1.0585357073110075E-14
2.96 9.42477796076938 -1.065736630489994E-14
2.98 9.42477796076938 -1.0729375536689805E-14
3.0 9.42477796076938 -1.080138476847967E-14
3.02 9.42477796076938 -1.0873394000269535E-14
3.04 9.42477796076938 -1.09454032320594E-14
3.06 9.42477796076938 -1.1017412463849265E-14
3.08 9.42477796076938 -1.108942169563913E-14
3.1 9.42477796076938 -1.1161430927428994E-14
3.12 9.42477796076938 -1.123344015921886E-14
3.14 9.42477796076938 -1.1305449391008724E-14
3.16 9.42477796076938 -1.137745862279859E-14
3.18 9.42477796076938 -1.1449467854588454E-14
3.2 9.42477796076938 -1.152147708637832E-14
3.22 9.42477796076938 -1.1593486318168184E-14
3.24 9.42477796076938 -1.1665495549958049E-14
3.26 9.42477796076938 -1.1737504781747914E-14
3.28 9.42477796076938 -1.1809514013537779E-14
3.3 9.42477796076938 -1.1881523245327644E-14
3.32 9.42477796076938 -1.1953532477117509E-14
3.34 9.42477796076938 -1.2025541708907374E-14
3.36 9.42477796076938 -1.2097550940697239E-14
3.38 9.42477796076938 -1.2169560172487104E-14
3.4 9.42477796076938 -1.2241569404276969E-14
3.42 9.42477796076938 -1.2313578636066834E-14
3.44 9.42477796076938 -1.2385587867856699E-14
3.46 9.42477796076938 -1.2457597099646564E-14
3.48 9.42477796076938 -1.2529606331436428E-14
3.5 9.42477796076938 -1.2601615563226293E-14
3.52 9.42477796076938 -1.2673624795016158E-14
3.54 9.42477796076938 -1.2745634026806023E-14
3.56 9.42477796076938 -1.2817643258595888E-14
3.58 9.42477796076938 -1.2889652490385753E-14
3.6 9.42477796076938 -1.2961661722175618E-14
3.62 9.42477796076938 -1.3033670953965483E-14
3.64 9.42477796076938 -1.3105680185755348E-14
3.66 9.42477796076938 -1.3177689417545213E-14
3.68 9.42477796076938 -1.3249698649335078E-14
3.7 9.42477796076938 -1.3321707881124943E-14
3.72 9.42477796076938 -1.3393717112914808E-14
3.74 9.42477796076938 -1.3465726344704673E-14
3.76 9.42477796076938 -1.3537735576494538E-14
3.78 9.42477796076938 -1.3609744808284403E-14
3.8 9.42477796076938 -1.3681754040074268E-14
3.82 9.42477796076938 -1.3753763271864133E-14
3.84 9.42477796076938 -1.3825772503653998E-14
3.86 9.42477796076938 -1.3897781735443863E-14
3.88 9.42477796076938 -1.3969790967233727E-14
3.9 9.42477796076938 -1.4041800199023592E-14
3.92 9.42477796076938 -1.4113809430813457E-14
3.94 9.42477796076938 -1.4185818662603322E-14
3.96 9.42477796076938 -1.4257827894393187E-14
3.98 9.42477796076938 -1.4329837126183052E-14
4.0 9.42477796076938 -1.4401846357972917E-14
4.02 9.42477796076938 -1.4473855589762782E-14
4.04 9.42477796076938 -1.4545864821552647E-14
4.06 9.42477796076938 -1.4617874053342512E-14
4.08 9.42477796076938 -1.4689883285132377E-14
4.1 9.42477796076938 -1.4761892516922242E-14
4.12 9.42477796076938 -1.4833901748712107E-14
4.14 9.42477796076938 -1.4905910980501972E-14
4.16 9.42477796076938 -1.4977920212291837E-14
4.18 9.42477796076938 -1.5049929444081702E-14
4.2 9.42477796076938 -1.5121938675871567E-14
4.22 9.42477796076938 -1.5193947907661432E-14
4.24 9.42477796076938 -1.5265957139451297E-14
4.26 9.42477796076938 -1.533796637124116E-14
4.28 9.42477796076938 -1.5409975603031026E-14
4.3 9.42477796076938 -1.548198483482089E-14
4.32 9.42477796076938 -1.5553994066610756E-14
4.34 9.42477796076938 -1.562600329840062E-14
4.36 9.42477796076938 -1.5698012530190486E-14
4.38 9.42477796076938 -1.577002176198035E-14
4.4 9.42477796076938 -1.5842030993770216E-14
4.42 9.42477796076938 -1.591404022556008E-14
4.44 9.42477796076938 -1.5986049457349946E-14
4.46 9.42477796076938 -1.605805868913981E-14
4.48 9.42477796076938 -1.6130067920929676E-14
4.5 9.42477796076938 -1.620207715271954E-14
4.52 9.42477796076938 -1.6274086384509406E-14
4.54 9.42477796076938 -1.634609561629927E-14
4.56 9.42477796076938 -1.6418104848089136E-14
4.58 9.42477796076938 -1.6490114079879E-14
4.6 9.42477796076938 -1.6562123311668866E-14
4.62 9.42477796076938 -1.663413254345873E-14
4.64 9.42477796076938 -1.6706141775248596E-14
4.66 9.42477796076938 -1.677815100703846E-14
4.68 9.42477796076938 -1.6850160238828325E-14
4.7 9.42477796076938 -1.692216947061819E-14
4.72 9.42477796076938 -1.6994178702408055E-14
4.74 9.42477796076938 -1.706618793419792E-14
4.76 9.42477796076938 -1.7138197165987785E-14
4.78 9.42477796076938 -1.721020639777765E-14
4.8 9.42477796076938 -1.7282215629567515E-14
4.82 9.42477796076938 -1.735422486135738E-14
4.84 9.42477796076938 -1.7426234093147245E-14
4.86 9.42477796076938 -1.749824332493711E-14
4.88 9.42477796076938 -1.7570252556726975E-14
4.9 9.42477796076938 -1.764226178851684E-14
4.92 9.42477796076938 -1.7714271020306705E-14
4.94 9.42477796076938 -1.778628025209657E-14
4.96 9.42477796076938 -1.7858289483886435E-14
4.98 9.42477796076938 -1.79302987156763E-14
5.0 9.42477796076938 -1.8002307947466165E-14
5.02 9.42477796076938 -1.807431717925603E-14
5.04 9.42477796076938 -1.8146326411045894E-14
5.06 9.42477796076938 -1.821833564283576E-14
5.08 9.42477796076938 -1.8290344874625624E-14
5.1 9.42477796076938 -1.836235410641549E-14
5.12 9.42477796076938 -1.8434363338205354E-14
5.14 9.42477796076938 -1.850637256999522E-14
5.16 9.42477796076938 -1.8578381801785084E-14
5.18 9.42477796076938 -1.865039103357495E-14
5.2 9.42477796076938 -1.8722400265364814E-14
5.22 9.42477796076938 -1.879440949715468E-14
5.24 9.42477796076938 -1.8866418728944544E-14
5.26 9.42477796076938 -1.893842796073441E-14
5.28 9.42477796076938 -1.9010437192524274E-14
5.3 9.42477796076938 -1.908244642431414E-14
5.32 9.42477796076938 -1.9154455656104004E-14
5.34 9.42477796076938 -1.922646488789387E-14
5.36 9.42477796076938 -1.9298474119683734E-14
5.38 9.42477796076938 -1.93704833514736E-14
5.4 9.42477796076938 -1.9442492583263464E-14
5.42 9.42477796076938 -1.951450181505333E-14
5.44 9.42477796076938 -1.9586511046843193E-14
5.46 9.42477796076938 -1.9658520278633058E-14
5.48 9.42477796076938 -1.9730529510422923E-14
5.5 9.42477796076938 -1.9802538742212788E-14
5.52 9.42477796076938 -1.9874547974002653E-14
5.54 9.42477796076938 -1.9946557205792518E-14
5.56 9.42477796076938 -2.0018566437582383E-14
5.58 9.42477796076938 -2.0090575669372248E-14
5.6 9.42477796076938 -2.0162584901162113E-14
5.62 9.42477796076938 -2.0234594132951978E-14
5.64 9.42477796076938 -2.0306603364741843E-14
5.66 9.42477796076938 -2.0378612596531708E-14
5.68 9.42477796076938 -2.0450621828321573E-14
5.7 9.42477796076938 -2.0522631060111438E-14
5.72 9.42477796076938 -2.0594640291901303E-14
5.74 9.42477796076938 -2.0666649523691168E-14
5.76 9.42477796076938 -2.0738658755481033E-14
5.78 9.42477796076938 -2.0810667987270898E-14
5.8 9.42477796076938 -2.0882677219060763E-14
5.82 9.42477796076938 -2.0954686450850627E-14
5.84 9.42477796076938 -2.1026695682640492E-14
5.86 9.42477796076938 -2.1098704914430357E-14
5.88 9.42477796076938 -2.1170714146220222E-14
5.9 9.42477796076938 -2.1242723378010087E-14
5.92 9.42477796076938 -2.1314732609799952E-14
5.94 9.42477796076938 -2.1386741841589817E-14
5.96 9.42477796076938 -2.1458751073379682E-14
5.98 9.42477796076938 -2.1530760305169547E-14
6.0 9.42477796076938 -2.1602769536959412E-14
6.02 9.42477796076938 -2.1674778768749277E-14
6.04 9.42477796076938 -2.1746788000539142E-14
6.06 9.42477796076938 -2.1818797232329007E-14
6.08 9.42477796076938 -2.1890806464118872E-14
6.1 9.42477796076938 -2.1962815695908737E-14
6.12 9.42477796076938 -2.2034824927698602E-14
6.140000000000001 9.42477796076938 -2.2106834159488467E-14
6.16 9.42477796076938 -2.2178843391278332E-14
6.18 9.42477796076938 -2.2250852623068197E-14
6.2 9.42477796076938 -2.232286185485806E-14
6.22 9.42477796076938 -2.2394871086647926E-14
6.24 9.42477796076938 -2.246688031843779E-14
6.26 9.42477796076938 -2.2538889550227656E-14
6.28 9.42477796076938 -2.261089878201752E-14
6.3 9.42477796076938 -2.2682908013807386E-14
6.32 9.42477796076938 -2.275491724559725E-14
6.34 9.42477796076938 -2.2826926477387116E-14
6.36 9.42477796076938 -2.289893570917698E-14
6.38 9.42477796076938 -2.2970944940966846E-14
6.4 9.42477796076938 -2.304295417275671E-14
6.42 9.42477796076938 -2.3114963404546576E-14
6.44 9.42477796076938 -2.318697263633644E-14
6.46 9.42477796076938 -2.3258981868126306E-14
6.48 9.42477796076938 -2.333099109991617E-14
6.5 9.42477796076938 -2.3403000331706036E-14
6.52 9.42477796076938 -2.34750095634959E-14
6.54 9.42477796076938 -2.3547018795285766E-14
6.56 9.42477796076938 -2.361902802707563E-14
6.58 9.42477796076938 -2.3691037258865496E-14
6.6 9.42477796076938 -2.376304649065536E-14
6.62 9.42477796076938 -2.3835055722445225E-14
6.640000000000001 9.42477796076938 -2.390706495423509E-14
6.66 9.42477796076938 -2.3979074186024955E-14
6.68 9.42477796076938 -2.405108341781482E-14
6.7 9.42477796076938 -2.4123092649604685E-14
6.72 9.42477796076938 -2.419510188139455E-14
6.74 9.42477796076938 -2.4267111113184415E-14
6.76 9.42477796076938 -2.433912034497428E-14
6.78 9.42477796076938 -2.4411129576764145E-14
6.8 9.42477796076938 -2.448313880855401E-14
6.82 9.42477796076938 -2.4555148040343875E-14
6.84 9.42477796076938 -2.462715727213374E-14
6.86 9.42477796076938 -2.4699166503923605E-14
6.88 9.42477796076938 -2.477117573571347E-14
6.9 9.42477796076938 -2.4843184967503335E-14
6.92 9.42477796076938 -2.49151941992932E-14
6.94 9.42477796076938 -2.4987203431083065E-14
6.96 9.42477796076938 -2.505921266287293E-14
6.98 9.42477796076938 -2.5131221894662795E-14
7.0 9.42477796076938 -2.520323112645266E-14
7.02 9.42477796076938 -2.5275240358242524E-14
7.04 9.42477796076938 -2.534724959003239E-14
7.06 9.42477796076938 -2.5419258821822254E-14
7.08 9.42477796076938 -2.549126805361212E-14
7.1 9.42477796076938 -2.5563277285401984E-14
7.12 9.42477796076938 -2.563528651719185E-14
7.140000000000001 9.42477796076938 -2.5707295748981714E-14
7.16 9.42477796076938 -2.577930498077158E-14
7.18 9.42477796076938 -2.5851314212561444E-14
7.2 9.42477796076938 -2.592332344435131E-14
7.22 9.42477796076938 -2.5995332676141174E-14
7.24 9.42477796076938 -2.606734190793104E-14
7.26 9.42477796076938 -2.6139351139720904E-14
7.28 9.42477796076938 -2.621136037151077E-14
7.3 9.42477796076938 -2.6283369603300634E-14
7.32 9.42477796076938 -2.63553788350905E-14
7.34 9.42477796076938 -2.6427388066880364E-14
7.36 9.42477796076938 -2.649939729867023E-14
7.38 9.42477796076938 -2.6571406530460093E-14
7.4 9.42477796076938 -2.664341576224996E-14
7.42 9.42477796076938 -2.6715424994039823E-14
7.44 9.42477796076938 -2.6787434225829688E-14
7.46 9.42477796076938 -2.6859443457619553E-14
7.48 9.42477796076938 -2.6931452689409418E-14
7.5 9.42477796076938 -2.7003461921199283E-14
7.52 9.42477796076938 -2.7075471152989148E-14
7.54 9.42477796076938 -2.7147480384779013E-14
7.56 9.42477796076938 -2.7219489616568878E-14
7.58 9.42477796076938 -2.7291498848358743E-14
7.6 9.42477796076938 -2.7363508080148608E-14
7.62 9.42477796076938 -2.7435517311938473E-14
7.640000000000001 9.42477796076938 -2.7507526543728338E-14
7.66 9.42477796076938 -2.7579535775518203E-14
7.68 9.42477796076938 -2.7651545007308068E-14
7.7 9.42477796076938 -2.7723554239097933E-14
7.72 9.42477796076938 -2.7795563470887798E-14
7.74 9.42477796076938 -2.7867572702677663E-14
7.76 9.42477796076938 -2.7939581934467528E-14
7.78 9.42477796076938 -2.8011591166257392E-14
7.8 9.42477796076938 -2.8083600398047257E-14
7.82 9.42477796076938 -2.8155609629837122E-14
7.84 9.42477796076938 -2.8227618861626987E-14
7.86 9.42477796076938 -2.8299628093416852E-14
7.88 9.42477796076938 -2.8371637325206717E-14
7.9 9.42477796076938 -2.844364655699658E-14
7.92 9.42477796076938 -2.8515655788786444E-14
7.94 9.42477796076938 -2.8587665020576306E-14
7.96 9.42477796076938 -2.865967425236617E-14
7.98 9.42477796076938 -2.873168348415603E-14
8.0 9.42477796076938 -2.880369271594589E-14
8.02 9.42477796076938 -2.887570194773575E-14
8.040000000000001 9.42477796076938 -2.8947711179525615E-14
8.06 9.42477796076938 -2.9019720411315477E-14
8.08 9.42477796076938 -2.909172964310534E-14
8.1 9.42477796076938 -2.91637388748952E-14
8.120000000000001 9.42477796076938 -2.923574810668506E-14
8.14 9.42477796076938 -2.9307757338474924E-14
8.16 9.42477796076938 -2.9379766570264785E-14
8.18 9.42477796076938 -2.945177580205465E-14
8.2 9.42477796076938 -2.952378503384451E-14
8.22 9.42477796076938 -2.959579426563437E-14
8.24 9.42477796076938 -2.966780349742423E-14
8.26 9.42477796076938 -2.9739812729214094E-14
8.28 9.42477796076938 -2.9811821961003956E-14
8.3 9.42477796076938 -2.988383119279382E-14
8.32 9.42477796076938 -2.995584042458368E-14
8.34 9.42477796076938 -3.002784965637354E-14
8.36 9.42477796076938 -3.0099858888163403E-14
8.38 9.42477796076938 -3.0171868119953265E-14
8.4 9.42477796076938 -3.024387735174313E-14
8.42 9.42477796076938 -3.031588658353299E-14
8.44 9.42477796076938 -3.038789581532285E-14
8.46 9.42477796076938 -3.045990504711271E-14
8.48 9.42477796076938 -3.0531914278902574E-14
8.5 9.42477796076938 -3.0603923510692436E-14
8.52 9.42477796076938 -3.06759327424823E-14
8.540000000000001 9.42477796076938 -3.074794197427216E-14
8.56 9.42477796076938 -3.081995120606202E-14
8.58 9.42477796076938 -3.089196043785188E-14
8.6 9.42477796076938 -3.0963969669641745E-14
8.620000000000001 9.42477796076938 -3.1035978901431607E-14
8.64 9.42477796076938 -3.110798813322147E-14
8.66 9.42477796076938 -3.117999736501133E-14
8.68 9.42477796076938 -3.125200659680119E-14
8.700000000000001 9.42477796076938 -3.1324015828591054E-14
8.72 9.42477796076938 -3.1396025060380916E-14
8.74 9.42477796076938 -3.146803429217078E-14
8.76 9.42477796076938 -3.154004352396064E-14
8.78 9.42477796076938 -3.16120527557505E-14
8.8 9.42477796076938 -3.168406198754036E-14
8.82 9.42477796076938 -3.1756071219330225E-14
8.84 9.42477796076938 -3.1828080451120086E-14
8.86 9.42477796076938 -3.190008968290995E-14
8.88 9.42477796076938 -3.197209891469981E-14
8.9 9.42477796076938 -3.204410814648967E-14
8.92 9.42477796076938 -3.2116117378279534E-14
8.94 9.42477796076938 -3.2188126610069395E-14
8.96 9.42477796076938 -3.226013584185926E-14
8.98 9.42477796076938 -3.233214507364912E-14
9.0 9.42477796076938 -3.240415430543898E-14
9.02 9.42477796076938 -3.247616353722884E-14
9.040000000000001 9.42477796076938 -3.2548172769018704E-14
9.06 9.42477796076938 -3.2620182000808566E-14
9.08 9.42477796076938 -3.269219123259843E-14
9.1 9.42477796076938 -3.276420046438829E-14
9.120000000000001 9.42477796076938 -3.283620969617815E-14
9.14 9.42477796076938 -3.2908218927968013E-14
9.16 9.42477796076938 -3.2980228159757875E-14
9.18 9.42477796076938 -3.305223739154774E-14
9.200000000000001 9.42477796076938 -3.31242466233376E-14
9.22 9.42477796076938 -3.319625585512746E-14
9.24 9.42477796076938 -3.326826508691732E-14
9.26 9.42477796076938 -3.3340274318707184E-14
9.28 9.42477796076938 -3.3412283550497046E-14
9.3 9.42477796076938 -3.348429278228691E-14
9.32 9.42477796076938 -3.355630201407677E-14
9.34 9.42477796076938 -3.362831124586663E-14
9.36 9.42477796076938 -3.370032047765649E-14
9.38 9.42477796076938 -3.3772329709446355E-14
9.4 9.42477796076938 -3.3844338941236217E-14
9.42 9.42477796076938 -3.391634817302608E-14
9.44 9.42477796076938 -3.398835740481594E-14
9.46 9.42477796076938 -3.40603666366058E-14
9.48 9.42477796076938 -3.4132375868395664E-14
9.5 9.42477796076938 -3.4204385100185526E-14
9.52 9.42477796076938 -3.427639433197539E-14
9.540000000000001 9.42477796076938 -3.434840356376525E-14
9.56 9.42477796076938 -3.442041279555511E-14
9.58 9.42477796076938 -3.449242202734497E-14
9.6 9.42477796076938 -3.4564431259134835E-14
9.620000000000001 9.42477796076938 -3.4636440490924696E-14
9.64 9.42477796076938 -3.470844972271456E-14
9.66 9.42477796076938 -3.478045895450442E-14
9.68 9.42477796076938 -3.485246818629428E-14
9.700000000000001 9.42477796076938 -3.4924477418084144E-14
9.72 9.42477796076938 -3.4996486649874005E-14
9.74 9.42477796076938 -3.506849588166387E-14
9.76 9.42477796076938 -3.514050511345373E-14
9.78 9.42477796076938 -3.521251434524359E-14
9.8 9.42477796076938 -3.528452357703345E-14
9.82 9.42477796076938 -3.5356532808823314E-14
9.84 9.42477796076938 -3.5428542040613176E-14
9.86 9.42477796076938 -3.550055127240304E-14
9.88 9.42477796076938 -3.55725605041929E-14
9.9 9.42477796076938 -3.564456973598276E-14
9.92 9.42477796076938 -3.5716578967772623E-14
9.94 9.42477796076938 -3.5788588199562485E-14
9.96 9.42477796076938 -3.586059743135235E-14
9.98 9.42477796076938 -3.593260666314221E-14
10.0 9.42477796076938 -3.600461589493207E-14
10.02 9.42477796076938 -3.607662512672193E-14
10.04 9.42477796076938 -3.6148634358511794E-14
10.06 9.42477796076938 -3.6220643590301656E-14
10.08 9.42477796076938 -3.629265282209152E-14
10.1 9.42477796076938 -3.636466205388138E-14
10.12 9.42477796076938 -3.643667128567124E-14
10.14 9.42477796076938 -3.65086805174611E-14
10.16 9.42477796076938 -3.6580689749250965E-14
10.18 9.42477796076938 -3.6652698981040827E-14
10.2 9.42477796076938 -3.672470821283069E-14
10.22 9.42477796076938 -3.679671744462055E-14
10.24 9.42477796076938 -3.686872667641041E-14
10.26 9.42477796076938 -3.6940735908200274E-14
10.28 9.42477796076938 -3.7012745139990136E-14
10.3 9.42477796076938 -3.708475437178E-14
10.32 9.42477796076938 -3.715676360356986E-14
10.34 9.42477796076938 -3.722877283535972E-14
10.36 9.42477796076938 -3.730078206714958E-14
10.38 9.42477796076938 -3.7372791298939445E-14
10.4 9.42477796076938 -3.7444800530729306E-14
10.42 9.42477796076938 -3.751680976251917E-14
10.44 9.42477796076938 -3.758881899430903E-14
10.46 9.42477796076938 -3.766082822609889E-14
10.48 9.42477796076938 -3.7732837457888753E-14
10.5 9.42477796076938 -3.7804846689678615E-14
10.52 9.42477796076938 -3.787685592146848E-14
10.54 9.42477796076938 -3.794886515325834E-14
10.56 9.42477796076938 -3.80208743850482E-14
10.58 9.42477796076938 -3.809288361683806E-14
10.6 9.42477796076938 -3.8164892848627924E-14
10.62 9.42477796076938 -3.8236902080417786E-14
10.64 9.42477796076938 -3.830891131220765E-14
10.66 9.42477796076938 -3.838092054399751E-14
10.68 9.42477796076938 -3.845292977578737E-14
10.7 9.42477796076938 -3.8524939007577233E-14
10.72 9.42477796076938 -3.8596948239367095E-14
10.74 9.42477796076938 -3.8668957471156957E-14
10.76 9.42477796076938 -3.874096670294682E-14
10.78 9.42477796076938 -3.881297593473668E-14
10.8 9.42477796076938 -3.888498516652654E-14
10.82 9.42477796076938 -3.8956994398316404E-14
10.84 9.42477796076938 -3.9029003630106266E-14
10.86 9.42477796076938 -3.910101286189613E-14
10.88 9.42477796076938 -3.917302209368599E-14
10.9 9.42477796076938 -3.924503132547585E-14
10.92 9.42477796076938 -3.931704055726571E-14
10.94 9.42477796076938 -3.9389049789055575E-14
10.96 9.42477796076938 -3.9461059020845437E-14
10.98 9.42477796076938 -3.95330682526353E-14
11.0 9.42477796076938 -3.960507748442516E-14
11.02 9.42477796076938 -3.967708671621502E-14
11.04 9.42477796076938 -3.9749095948004884E-14
11.06 9.42477796076938 -3.9821105179794745E-14
11.08 9.42477796076938 -3.989311441158461E-14
11.1 9.42477796076938 -3.996512364337447E-14
11.12 9.42477796076938 -4.003713287516433E-14
11.14 9.42477796076938 -4.010914210695419E-14
11.16 9.42477796076938 -4.0181151338744054E-14
11.18 9.42477796076938 -4.0253160570533916E-14
11.2 9.42477796076938 -4.032516980232378E-14
11.22 9.42477796076938 -4.039717903411364E-14
11.24 9.42477796076938 -4.04691882659035E-14
11.26 9.42477796076938 -4.0541197497693363E-14
11.28 9.42477796076938 -4.0613206729483225E-14
11.3 9.42477796076938 -4.068521596127309E-14
11.32 9.42477796076938 -4.075722519306295E-14
11.34 9.42477796076938 -4.082923442485281E-14
11.36 9.42477796076938 -4.090124365664267E-14
11.38 9.42477796076938 -4.0973252888432534E-14
11.4 9.42477796076938 -4.1045262120222396E-14
11.42 9.42477796076938 -4.111727135201226E-14
11.44 9.42477796076938 -4.118928058380212E-14
11.46 9.42477796076938 -4.126128981559198E-14
11.48 9.42477796076938 -4.133329904738184E-14
11.5 9.42477796076938 -4.1405308279171705E-14
11.52 9.42477796076938 -4.1477317510961567E-14
11.54 9.42477796076938 -4.154932674275143E-14
11.56 9.42477796076938 -4.162133597454129E-14
11.58 9.42477796076938 -4.169334520633115E-14
11.6 9.42477796076938 -4.1765354438121014E-14
11.62 9.42477796076938 -4.1837363669910876E-14
11.64 9.42477796076938 -4.190937290170074E-14
11.66 9.42477796076938 -4.19813821334906E-14
11.68 9.42477796076938 -4.205339136528046E-14
11.7 9.42477796076938 -4.212540059707032E-14
11.72 9.42477796076938 -4.2197409828860185E-14
11.74 9.42477796076938 -4.2269419060650046E-14
11.76 9.42477796076938 -4.234142829243991E-14
11.78 9.42477796076938 -4.241343752422977E-14
11.8 9.42477796076938 -4.248544675601963E-14
11.82 9.42477796076938 -4.2557455987809494E-14
11.84 9.42477796076938 -4.2629465219599355E-14
11.86 9.42477796076938 -4.270147445138922E-14
11.88 9.42477796076938 -4.277348368317908E-14
11.9 9.42477796076938 -4.284549291496894E-14
11.92 9.42477796076938 -4.29175021467588E-14
11.94 9.42477796076938 -4.2989511378548664E-14
11.96 9.42477796076938 -4.3061520610338526E-14
11.98 9.42477796076938 -4.313352984212839E-14
12.0 9.42477796076938 -4.320553907391825E-14
12.02 9.42477796076938 -4.327754830570811E-14
12.04 9.42477796076938 -4.3349557537497973E-14
12.06 9.42477796076938 -4.3421566769287835E-14
12.08 9.42477796076938 -4.34935760010777E-14
12.1 9.42477796076938 -4.356558523286756E-14
12.12 9.42477796076938 -4.363759446465742E-14
12.14 9.42477796076938 -4.370960369644728E-14
12.16 9.42477796076938 -4.3781612928237144E-14
12.18 9.42477796076938 -4.3853622160027006E-14
12.2 9.42477796076938 -4.392563139181687E-14
12.22 9.42477796076938 -4.399764062360673E-14
12.24 9.42477796076938 -4.406964985539659E-14
12.26 9.42477796076938 -4.414165908718645E-14
12.28 9.42477796076938 -4.4213668318976315E-14
12.3 9.42477796076938 -4.4285677550766177E-14
12.32 9.42477796076938 -4.435768678255604E-14
12.34 9.42477796076938 -4.44296960143459E-14
12.36 9.424777960769377 -4.4559732902889505E-14
12.38 9.424777960769375 -4.503793573195556E-14
12.4 9.424777960769374 -4.5864304501544064E-14
12.42 9.424777960769372 -4.703883921165502E-14
12.44 9.42477796076937 -4.856153986228842E-14
12.46 9.424777960769368 -5.0432406453444274E-14
12.48 9.424777960769367 -5.2651438985122577E-14
12.5 9.424777960769365 -5.5218637457323325E-14
12.52 9.424777960769363 -5.813400187004652E-14
12.54 9.424777960769361 -6.139753222329218E-14
12.56 9.42477796076936 -6.500922851706027E-14
12.58 9.424777960769358 -6.896909075135082E-14
12.6 9.424777960769356 -7.327711892616382E-14
12.62 9.424777960769354 -7.793331304149926E-14
12.64 9.424777960769352 -8.293767309735715E-14
12.66 9.424777960769351 -8.829019909373749E-14
12.68 9.42477796076935 -9.410694634414776E-14
12.7 9.424777960769347 -1.0038791484858797E-13
12.72 9.424777960769345 -1.0701704929355063E-13
12.74 9.424777960769343 -1.1399434967903574E-13
12.76 9.424777960769342 -1.213198160050433E-13
12.78 9.42477796076934 -1.289934482715733E-13
12.8 9.424777960769338 -1.3701524647862576E-13
12.82 9.424777960769335 -1.454432382829544E-13
12.84 9.424777960769331 -1.5456756196832794E-13
12.86 9.424777960769327 -1.6438821753474637E-13
12.88 9.424777960769324 -1.7490520498220972E-13
12.9 9.42477796076932 -1.8611852431071795E-13
12.92 9.424777960769317 -1.9802817552027108E-13
12.94 9.424777960769313 -2.106341586108691E-13
12.96 9.42477796076931 -2.2393647358251203E-13
12.98 9.424777960769304 -2.379931480919536E-13
13.0 9.4247779607693 -2.5309432042296254E-13
13.02 9.424777960769294 -2.692399905755388E-13
13.04 9.424777960769288 -2.8666226917669737E-13
13.06 9.424777960769283 -3.051290455994233E-13
13.08 9.424777960769276 -3.2469834750047034E-13
13.1 9.42477796076927 -3.4566031316360715E-13
13.12 9.424777960769262 -3.6801494258883374E-13
13.14 9.424777960769255 -3.9176223577615017E-13
13.16 9.424777960769246 -4.169602203823101E-13
13.18 9.424777960769237 -4.438990346910823E-13
13.2 9.424777960769228 -4.726947340159742E-13
13.22 9.42477796076922 -5.033473183569858E-13
13.24 9.424777960769208 -5.357987600573635E-13
13.26 9.424777960769198 -5.703391974008758E-13
13.28 9.424777960769185 -6.070266580442766E-13
13.3 9.424777960769173 -6.46267335584842E-13
13.32 9.424777960769159 -6.881192576793258E-13
13.34 9.424777960769144 -7.327565072979892E-13
13.36 9.424777960769128 -7.802371120975859E-13
13.38 9.424777960769113 -8.309672656753921E-13
13.4 9.424777960769095 -8.850049956881615E-13
13.42 9.424777960769077 -9.425243851061554E-13
13.44 9.424777960769057 -1.0035834615861276E-12
13.46 9.424777960769036 -1.0687625016956155E-12
13.48 9.424777960769015 -1.1381195330913726E-12
13.5 9.424777960768992 -1.2118286387436605E-12
13.52 9.424777960768967 -1.2902379845930014E-12
13.54 9.42477796076894 -1.3735796812664102E-12
13.56 9.424777960768912 -1.4624340053314246E-12
13.58 9.424777960768882 -1.5569170121015519E-12
13.6 9.42477796076885 -1.6576089781443294E-12
13.62 9.424777960768816 -1.7647420140867723E-12
13.64 9.424777960768779 -1.8787223135261567E-12
13.66 9.42477796076874 -2.0003042360002815E-12
13.68 9.424777960768699 -2.129719892136161E-12
13.7 9.424777960768654 -2.267375475531072E-12
13.72 9.424777960768608 -2.4140253457228127E-12
13.74 9.424777960768558 -2.57007569630866E-12
13.76 9.424777960768505 -2.7361068038561503E-12
13.78 9.424777960768448 -2.9129310555598367E-12
13.8 9.424777960768388 -3.101244783300764E-12
13.82 9.424777960768324 -3.301744318959977E-12
13.84 9.424777960768256 -3.515242049732028E-12
13.86 9.424777960768183 -3.7423762798412086E-12
13.88 9.424777960768107 -3.984249534765839E-12
13.9 9.424777960768025 -4.241500118730211E-12
13.92 9.424777960767938 -4.5154046401829076E-12
13.94 9.424777960767846 -4.80677548631848E-12
13.96 9.424777960767746 -5.116947293242264E-12
13.98 9.424777960767642 -5.447254697059597E-12
14.0 9.42477796076753 -5.7988002232488E-12
14.02 9.424777960767411 -6.172976535571961E-12
14.04 9.424777960767283 -6.571234325447925E-12
14.06 9.424777960767148 -6.995256394922551E-12
14.08 9.424777960767004 -7.446609490728189E-12
14.1 9.42477796076685 -7.927092470224204E-12
14.12 9.424777960766686 -8.438852356710487E-12
14.14 9.424777960766512 -8.983688007546401E-12
14.16 9.424777960766327 -9.563688418375084E-12
14.18 9.42477796076613 -1.018111666780993E-11
14.2 9.42477796076592 -1.0838293862121088E-11
14.22 9.424777960765697 -1.1537947301175986E-11
14.24 9.424777960765459 -1.2282862312498802E-11
14.26 9.424777960765205 -1.307588225127047E-11
14.28 9.424777960764935 -1.3920372721582707E-11
14.3 9.424777960764647 -1.481940918924346E-11
14.32 9.424777960764341 -1.5776589368971465E-11
14.34 9.424777960764016 -1.679568505845571E-11
14.36 9.42477796076367 -1.7880584110698698E-11
14.38 9.4247779607633 -1.903552254464345E-11
14.4 9.424777960762908 -2.026514257283027E-11
14.42 9.42477796076249 -2.1574202463112962E-11
14.44 9.424777960762044 -2.2967576538658838E-11
14.46 9.42477796076157 -2.445112559280003E-11
14.48 9.424777960761066 -2.6030710418868664E-11
14.5 9.42477796076053 -2.771236589316713E-11
14.52 9.424777960759957 -2.9502475057938337E-11
14.54 9.424777960759348 -3.1408233342619753E-11
14.56 9.4247779607587 -3.3437242370246114E-11
14.58 9.424777960758008 -3.559739390213593E-11
14.6 9.424777960757273 -3.789733405914551E-11
14.62 9.424777960756491 -4.034594107275818E-11
14.64 9.424777960755658 -4.295267345102479E-11
14.66 9.424777960754772 -4.5727918144504266E-11
14.68 9.42477796075383 -4.86823522420393E-11
14.7 9.424777960752823 -5.1827755357950894E-11
14.72 9.424777960751754 -5.51764873831276E-11
14.74 9.424777960750615 -5.87414884850255E-11
14.76 9.424777960749402 -6.253685938423575E-11
14.78 9.424777960748111 -6.657757121620082E-11
14.8 9.424777960746736 -7.087958158652799E-11
14.82 9.424777960745272 -7.545966048801909E-11
14.84 9.424777960743714 -8.033573846661102E-11
14.86 9.424777960742057 -8.552684859371902E-11
14.88 9.424777960740291 -9.105324252155014E-11
14.9 9.424777960738412 -9.693685470435729E-11
14.92 9.424777960736412 -1.032006060665582E-10
14.94 9.424777960734282 -1.0986881019633269E-10
14.96 9.424777960732013 -1.1696792770516047E-10
14.98 9.4247779607296 -1.2452569581296982E-10
15.0 9.42477796072703 -1.3257182468001865E-10
15.02 9.424777960724293 -1.41137881351581E-10
15.04 9.42477796072138 -1.5025723173029028E-10
15.06 9.424777960718279 -1.5996579493567704E-10
15.08 9.424777960714976 -1.7030181119354203E-10
15.1 9.424777960711461 -1.8130572578064258E-10
15.12 9.424777960707718 -1.9302071127360348E-10
15.14 9.424777960703734 -2.0549272557657368E-10
15.16 9.424777960699492 -2.187705699488831E-10
15.18 9.424777960694976 -2.329064692816101E-10
15.2 9.42477796069017 -2.479556078763275E-10
15.22 9.424777960685052 -2.639771159152673E-10
15.24 9.424777960679604 -2.810337212953804E-10
15.26 9.424777960673804 -2.99192271877247E-10
15.28 9.42477796066763 -3.185238515403905E-10
15.3 9.424777960661055 -3.391043604598448E-10
15.32 9.424777960654056 -3.6101468918912455E-10
15.34 9.424777960646604 -3.8434060260491187E-10
15.36 9.424777960638671 -4.091737844048776E-10
15.38 9.424777960630226 -4.356116049970546E-10
15.4 9.424777960621236 -4.6375746966577794E-10
15.42 9.424777960611665 -4.937217470141933E-10
15.44 9.424777960601474 -5.256218269919134E-10
15.46 9.424777960590626 -5.595833394758102E-10
15.48 9.424777960579076 -5.957390517445363E-10
15.5 9.42477796056678 -6.342309574741679E-10
15.52 9.42477796055369 -6.752097544892947E-10
15.54 9.424777960539755 -7.188362954544379E-10
15.56 9.424777960524919 -7.652815298463942E-10
15.58 9.424777960509123 -8.147275484520567E-10
15.6 9.424777960492308 -8.673685118109234E-10
15.62 9.424777960474406 -9.234105921874404E-10
15.64 9.424777960455347 -9.830735403177341E-10
15.66 9.424777960435058 -1.0465913817414924E-9
15.68 9.424777960413457 -1.1142131711615023E-9
15.7 9.424777960390461 -1.186203978913815E-9
15.72 9.42477796036598 -1.2628463416591641E-9
15.74 9.424777960339914 -1.3444404364659373E-9
15.76 9.424777960312166 -1.431306517971758E-9
15.78 9.424777960282625 -1.5237852085217709E-9
15.8 9.424777960251175 -1.6222389488600598E-9
15.82 9.424777960217692 -1.7270539130423209E-9
15.84 9.424777960182046 -1.8386413430719678E-9
15.86 9.424777960144098 -1.9574388835362374E-9
15.88 9.424777960103698 -2.083911858214638E-9
15.9 9.424777960060687 -2.218556403572414E-9
15.92 9.424777960014898 -2.3619005132583673E-9
15.94 9.42477795996615 -2.514506301183472E-9
15.96 9.424777959914251 -2.676972264599486E-9
15.98 9.424777959859 -2.849935431122252E-9
16.0 9.42477795980018 -3.034074144059221E-9
16.02 9.424777959737557 -3.2301102094327527E-9
16.04 9.424777959670891 -3.438812551722491E-9
16.06 9.424777959599916 -3.6609993608886642E-9
16.08 9.424777959524355 -3.8975418641697726E-9
16.1 9.424777959443913 -4.149367633659024E-9
16.12 9.424777959358273 -4.417464184019055E-9
16.14 9.4247779592671 -4.702882802307272E-9
16.16 9.424777959170036 -5.006742667939485E-9
16.18 9.4247779590667 -5.3302351467365046E-9
16.2 9.424777958956687 -5.674629071440908E-9
16.22 9.424777958839566 -6.041274745625356E-9
16.24 9.424777958714878 -6.431609978568892E-9
16.26 9.424777958582135 -6.8471653077460516E-9
16.28 9.424777958440813 -7.289570149758482E-9
16.3 9.424777958290361 -7.76055953154312E-9
16.32 9.42477795813019 -8.261980241303806E-9
16.34 9.424777957959667 -8.795798372106675E-9
16.36 9.424777957778127 -9.364107097586147E-9
16.38 9.424777957584858 -9.969135085955163E-9
16.4 9.424777957379101 -1.0613254914015411E-8
16.42 9.42477795716005 -1.1298992467637727E-8
16.44 9.424777956926846 -1.2029036632380764E-8
16.46 9.424777956678573 -1.2806249796496873E-8
16.48 9.42477795641426 -1.3633680210822982E-8
16.5 9.42477795613287 -1.4514571969537567E-8
16.52 9.424777955833297 -1.545237963313015E-8
16.54 9.42477795551437 -1.64507802981539E-8
16.56 9.424777955174835 -1.751368914863765E-8
16.58 9.424777954813365 -1.8645274195110708E-8
16.6 9.424777954428538 -1.984997246431909E-8
16.62 9.424777954018848 -2.1132507929771463E-8
16.64 9.424777953582687 -2.2497909674395703E-8
16.66 9.424777953118344 -2.3951532026135792E-8
16.68 9.424777952624 -2.5499075099742305E-8
16.7 9.424777952097715 -2.7146607137420265E-8
16.72 9.424777951537425 -2.8900588590306694E-8
16.74 9.424777950940935 -3.076789747655661E-8
16.76 9.424777950305905 -3.275585589998218E-8
16.78 9.424777949629845 -3.4872259179936376E-8
16.8 9.424777948910105 -3.712540625780515E-8
16.82 9.42477794814386 -3.9524132250522865E-8
16.84 9.424777947328106 -4.207784355730461E-8
16.86 9.424777946459645 -4.479655389482106E-8
16.88 9.424777945535073 -4.769092416219868E-8
16.9 9.424777944550761 -5.077230387276661E-8
16.92 9.424777943502853 -5.4052776067463033E-8
16.94 9.424777942387237 -5.7545204317237115E-8
16.96 9.42477794119954 -6.126328361330399E-8
16.98 9.424777939935104 -6.522159340442305E-8
17.0 9.424777938588972 -6.943565533441635E-8
17.02 9.424777937155864 -7.392199382304238E-8
17.04 9.42477793563016 -7.869820099894384E-8
17.06 9.42477793400588 -8.378300592664222E-8
17.08 9.424777932276651 -8.919634748927467E-8
17.1 9.424777930435695 -9.495945284198595E-8
17.12 9.424777928475792 -1.0109492062358816E-7
17.14 9.424777926389257 -1.0762680973887564E-7
17.16 9.424777924167907 -1.1458073359553948E-7
17.18 9.424777921803032 -1.2198396072412437E-7
17.2 9.424777919285361 -1.2986552120075109E-7
17.22 9.424777916605018 -1.38256320497379E-7
17.24 9.424777913751494 -1.4718926163002359E-7
17.26 9.424777910713601 -1.5669937310973955E-7
17.28 9.424777907479425 -1.6682394658422266E-7
17.3 9.424777904036284 -1.776026832996154E-7
17.32 9.424777900370676 -1.8907784967265465E-7
17.34 9.424777896468228 -2.0129444342385308E-7
17.36 9.424777892313637 -2.1430036905313313E-7
17.38 9.424777887890611 -2.2814662654576676E-7
17.4 9.42477788318181 -2.42887510929487E-7
17.42 9.424777878168763 -2.585808250619053E-7
17.44 9.424777872831818 -2.752881072149814E-7
17.46 9.424777867150044 -2.930748709613562E-7
17.48 9.424777861101164 -3.1201086328136905E-7
17.5 9.424777854661457 -3.321703374090999E-7
17.52 9.42477784780567 -3.5363234436331673E-7
17.54 9.424777840506921 -3.764810426410796E-7
17.56 9.42477783273659 -4.008060283951078E-7
17.58 9.424777824464206 -4.2670268667518577E-7
17.6 9.42477781565733 -4.542725655904944E-7
17.62 9.424777806281431 -4.836237743213083E-7
17.64 9.424777796299741 -5.14871407069056E-7
17.66 9.42477778567312 -5.481379946855729E-7
17.68 9.424777774359897 -5.83553984735905E-7
17.7 9.424777762315711 -6.212582529540763E-7
17.72 9.424777749493332 -6.613986484709506E-7
17.74 9.424777735842481 -7.041325731623576E-7
17.76 9.424777721309627 -7.496275986571664E-7
17.78 9.424777705837787 -7.980621236745818E-7
17.8 9.424777689366287 -8.496260733734628E-7
17.82 9.42477767183054 -9.045216446595466E-7
17.84 9.424777653161783 -9.629640983209906E-7
17.86 9.42477763328681 -1.0251826036209167E-6
17.88 9.424777612127687 -1.0914211367396203E-6
17.9 9.424777589601442 -1.161939437302465E-6
17.92 9.424777565619743 -1.2370140277517277E-6
17.94 9.424777540088554 -1.3169392961426752E-6
17.96 9.424777512907756 -1.4020286517643466E-6
17.98 9.424777483970768 -1.4926157540492697E-6
18.0 9.424777453164118 -1.5890558201686773E-6
18.02 9.424777420367007 -1.6917270187407672E-6
18.04 9.424777385450827 -1.8010319520891666E-6
18.06 9.424777348278661 -1.9173992356396936E-6
18.08 9.42477730870475 -2.0412851780531306E-6
18.1 9.424777266573908 -2.17317557050802E-6
18.12 9.424777221720933 -2.313587592444969E-6
18.14 9.424777173969943 -2.4630718384726968E-6
18.16 9.424777123133692 -2.6222144782154503E-6
18.18 9.424777069012837 -2.791639554208209E-6
18.2 9.424777011395154 -2.9720114300254964E-6
18.22 9.42477695005471 -3.164037394098394E-6
18.24 9.42477688475097 -3.3684704338427277E-6
18.26 9.424776815227861 -3.5861121885124376E-6
18.28 9.424776741212765 -3.8178160924416875E-6
18.3 9.424776662415444 -4.0644907210936364E-6
18.32 9.424776578526916 -4.327103355119119E-6
18.34 9.424776489218228 -4.606683771651623E-6
18.36 9.424776394139176 -4.9043282841347285E-6
18.38 9.42477629291693 -5.2212040398503635E-6
18.4 9.424776185154566 -5.558553597082344E-6
18.42 9.424776070429521 -5.917699797872793E-6
18.44 9.424775948291923 -6.300050954940294E-6
18.46 9.42477581826284 -6.707106374462122E-6
18.48 9.424775679832388 -7.1404622343339034E-6
18.5 9.424775532457744 -7.601817844077166E-6
18.52 9.424775375561012 -8.092982308271223E-6
18.54 9.424775208526954 -8.615881619853931E-6
18.56 9.424775030700583 -9.172566213581771E-6
18.58 9.424774841384593 -9.765219005355495E-6
18.6 9.424774639836622 -1.0396163952692165E-5
18.62 9.424774425266346 -1.1067875167388362E-5
18.64 9.424774196832372 -1.1782986616641872E-5
18.66 9.42477395363895 -1.2544302452961057E-5
18.68 9.424773694732445 -1.3354808008200754E-5
18.7 9.424773419097619 -1.4217681501686526E-5
18.72 9.424773125653626 -1.5136306501886052E-5
18.74 9.424772813249791 -1.611428519420073E-5
18.76 9.424772480661094 -1.7155452506870273E-5
18.78 9.424772126583358 -1.826389114796953E-5
18.8 9.424771749628146 -1.944394761558714E-5
18.82 9.424771348317312 -2.0700249241302695E-5
18.84 9.424770921077204 -2.2037722335086804E-5
18.86 9.424770466232495 -2.3461611503288308E-5
18.88 9.424769981999608 -2.4977500213345677E-5
18.9 9.424769466479734 -2.6591332689304694E-5
18.92 9.424768917651373 -2.8309437219497182E-5
18.94 9.424768333362418 -3.013855097259064E-5
18.96 9.424767711321706 -3.208584641508515E-5
18.98 9.424767049090043 -3.4158959437318575E-5
19.0 9.424766344070633 -3.6366019295447256E-5
19.02 9.424765593498897 -3.871568048847498E-5
19.04 9.424764794431633 -4.121715669537983E-5
19.06 9.424763943735476 -4.388025690411964E-5
19.08 9.424763038074608 -4.671542387572845E-5
19.1 9.42476207389768 -4.973377509269292E-5
19.12 9.424761047423883 -5.294714635460849E-5
19.14 9.424759954628127 -5.636813818904726E-5
19.16 9.424758791225254 -6.001016526222359E-5
19.18 9.424757552653236 -6.388750898077458E-5
19.2 9.424756234055285 -6.801537349442547E-5
19.22 9.424754830260811 -7.240994531459028E-5
19.24 9.424753335765142 -7.708845678676326E-5
19.26 9.424751744707942 -8.206925366308639E-5
19.28 9.424750050850232 -8.737186704161404E-5
19.3 9.424748247549921 -9.301708995272241E-5
19.32 9.424746327735764 -9.902705889458162E-5
19.34 9.424744283879633 -1.0542534063649431E-4
19.36 9.424742107966997 -1.1223702463136153E-4
19.38 9.424739791465493 -1.1948882139745334E-4
19.4 9.42473732529147 -1.2720916725844362E-4
19.42 9.42473469977437 -1.354283358502236E-4
19.44 9.424731904618807 -1.4417855683219674E-4
19.46 9.424728928864194 -1.534941422684947E-4
19.48 9.424725760841765 -1.6341162117548285E-4
19.5 9.424722388128817 -1.7396988276204006E-4
19.52 9.424718797499998 -1.852103289253069E-4
19.54 9.424714974875451 -1.9717703659900672E-4
19.56 9.424710905265593 -2.0991693059136657E-4
19.58 9.424706572712345 -2.234799675902274E-4
19.6 9.424701960226556 -2.3791933205772874E-4
19.62 9.42469704972138 -2.53291644780765E-4
19.64 9.424691821941348 -2.696571848972019E-4
19.66 9.424686256386875 -2.8708012626745444E-4
19.68 9.424680331233865 -3.0562878911766364E-4
19.7 9.424674023248135 -3.253759079430881E-4
19.72 9.424667307694308 -3.463989167195149E-4
19.74 9.42466015823882 -3.687802525443051E-4
19.76 9.424652546846656 -3.926076788944923E-4
19.78 9.424644443671418 -4.1797462977227404E-4
19.8 9.42463581693829 -4.4498057608622466E-4
19.82 9.424626632819437 -4.737314157033082E-4
19.84 9.424616855301362 -5.043398887049544E-4
19.86 9.424606446043681 -5.369260194721405E-4
19.88 9.424595364228782 -5.716175873340978E-4
19.9 9.424583566401771 -6.085506276268997E-4
19.92 9.424571006300068 -6.478699651254685E-4
19.94 9.424557634672002 -6.897297819426274E-4
19.96 9.42454339908368 -7.3429422211881E-4
19.98 9.424528243713378 -7.817380352770216E-4
20.0 9.424512109132653 -8.32247261864574E-4
20.02 9.424494932073301 -8.860199626689523E-4
20.04 9.42447664517927 -9.432669954689623E-4
20.06 9.424457176742535 -0.001004212841866
20.08 9.424436450421915 -0.0010690964875384
20.1 9.424414384943711 -0.0011381723593701
20.12 9.424390893783018 -0.0012117113231276
20.14 9.424365884824428 -0.0012900017455987
20.16 9.424339260000827 -0.0013733506253578
20.18 9.424310914908844 -0.0014620847965901
20.2 9.424280738399453 -0.0015565522106964
20.22 9.424248612142133 -0.0016571233007051
20.24 9.42421441016086 -0.0017641924338381
20.26 9.424177998340114 -0.0018781794579303
20.28 9.42413923389899 -0.0019995313477628
20.3 9.424097964831293 -0.002128723957769
20.32 9.424054029309504 -0.0022662638879824
20.34 9.42400725505019 -0.0024126904705458
20.36 9.42395745863845 -0.0025685778845695
20.38 9.423904444808682 -0.0027345374076305
20.4 9.423848005678907 -0.0029112198127428
20.42 9.423787919935597 -0.0030993179201953
20.44 9.423723951965852 -0.0032995693142644
20.46 9.423655850933501 -0.0035127592354517
20.48 9.423583349795503 -0.0037397236595878
20.5 9.423506164254805 -0.0039813525758752
20.52 9.423423991645538 -0.0042385934767212
20.54 9.423336509746196 -0.0045124550730443
20.56 9.423243375516113 -0.0048040112496182
20.58 9.423144223750325 -0.0051144052759637
20.6 9.42303866564751 -0.0054448542892932
20.62 9.42292628728541 -0.0057966540670835
20.64 9.422806647997738 -0.0061711841079857
20.66 9.422679278646242 -0.0065699130409885
20.68 9.4225436797811 -0.0069944043840373
20.7 9.42239931968248 -0.0074463226746808
20.72 9.422245632275562 -0.0079274399967726
20.74 9.42208201491085 -0.0084396429288052
20.76 9.42190782600109 -0.0089849399411074
20.78 9.42172238250549 -0.0095654692708854
20.8 9.421524957251424 -0.010183507305969
20.82 9.421314776083111 -0.010841477510103
20.84 9.421091014826053 -0.011541959924735
20.86 9.42085279605539 -0.01228770128454
20.88 9.420599185655469 -0.013081625786258
20.9 9.420329189157156 -0.013926846553038
20.92 9.420041747838533 -0.014826677839138
20.94 9.419735734573704 -0.015784648022763
20.96 9.41940994941344 -0.016804513437857
20.98 9.419063114880353 -0.017890273098959
21.0 9.418693870960163 -0.019046184376691
21.02 9.418300769769443 -0.02027677968513
21.04 9.417882269878955 -0.021586884246281
21.06 9.41743673027036 -0.02298163500098
21.08 9.416962403902621 -0.024466500740047
21.1 9.416457430862946 -0.026047303534192
21.12 9.41591983107544 -0.02773024154617
21.14 9.41534749653896 -0.029521913314033
21.16 9.414738183063814 -0.031429343599913
21.18 9.414089501475006 -0.033460010904804
21.2 9.413398908247614 -0.035621876756108
21.22 9.412663695537784 -0.037923416881472
21.24 9.411880980570353 -0.040373654389536
21.26 9.411047694341757 -0.042982195085755
21.28 9.410160569594115 -0.045759265059452
21.3 9.409216128013684 -0.048715750686632
21.32 9.40821066660382 -0.051863241202039
21.34 9.407140243179455 -0.055214074003235
21.36 9.406000660926752 -0.058781382859412
21.38 9.404787451968006 -0.062579149207967
21.4 9.403495859868142 -0.066622256732738
21.42 9.402120821015117 -0.070926549429214
21.44 9.400656944802365 -0.075508893373856
21.46 9.399098492536905 -0.08038724242703
21.48 9.397439354992037 -0.085580708111883
21.5 9.395673028518601 -0.091109633924649
21.52 9.393792589623467 -0.096995674345485
21.54 9.391790667918476 -0.10326187883271
21.56 9.389659417337178 -0.10993278109739
21.58 9.387390485510716 -0.11703449396906
21.6 9.38497498118778 -0.12459481017742
21.62 9.382403439576956 -0.1326433093882
21.64 9.379665785482913 -0.14121147184397
21.66 9.376751294100703 -0.15033279897287
21.68 9.373648549325105 -0.16004294133794
21.7 9.370345399424415 -0.17037983430825
21.72 9.366828909920373 -0.18138384183844
21.74 9.36308531350817 -0.19309790874501
21.76 9.359099956842754 -0.20556772186498
21.78 9.354857244009982 -0.21884188047424
21.8 9.350340576493776 -0.23297207632618
21.82 9.345532289443486 -0.24801328364665
21.84 9.340413584039263 -0.26402395938386
21.86 9.334964455747757 -0.28106625396087
21.88 9.329163618256197 -0.29920623270951
21.9 9.322988422870141 -0.31851410807422
21.92 9.316414773159572 -0.33906448255727
21.94 9.309417034640013 -0.36093660222804
21.96 9.30196793928068 -0.38421462043058
21.98 9.294038484641278 -0.40898787108807
22.0 9.285597827453925 -0.43535115070978
22.02 9.276613171488012 -0.46340500784374
22.04 9.267049649565345 -0.49325603827273
22.06 9.256870199632112 -0.525017183706
22.08 9.246035434845717 -0.55880803105382
22.1 9.234503507700525 -0.59475510856472
22.12 9.22222996830045 -0.63299217412797
22.14 9.2091676169917 -0.67366048986549
22.16 9.195266351700196 -0.71690907572208
22.18 9.180473010480517 -0.76289493306784
22.2 9.16473120998248 -0.81178322730519
22.22 9.147981180785034 -0.86374741607183
22.24 9.13015960084291 -0.91896930679042
22.26 9.111199428648941 -0.97763902397192
22.28 9.091029738145076 -1.039954862764807
22.3 9.069575557929607 -1.106123000685757
22.32 9.046757717920874 -1.17635703420323
22.34 9.022492707363291 -1.250877300812072
22.36 8.99669254891582 -1.329909940393068
22.38 8.969264694562523 -1.413685641979284
22.4 8.940111950245791 -1.502438013580225
22.42 8.909132437460558 -1.596401503539529
22.44 8.876219601574554 -1.695808792211722
22.46 8.841262278362828 -1.800887562860388
22.48 8.8041448321635 -1.91185655110531
22.5 8.764747381163024 -2.028920763717575
22.52 8.722946127572157 -2.152265751121024
22.54 8.678613812803311 -2.282050815026238
22.56 8.631620320117734 -2.418401035076723
22.58 8.581833449446268 -2.561398008630984
22.6 8.529119891015526 -2.711069218820308
22.62 8.473346425782296 -2.867375981370657
22.64 8.41438138116596 -3.030199974418779
22.66 8.352096369760831 -3.199328432043698
22.68 8.286368336109088 -3.374438185739095
22.7 8.21708193164296 -3.555078872109571
22.72 8.144132229928383 -3.740655791565981
22.74 8.067427782717066 -3.930413100677277
22.76 7.98689400145864 -4.123418244556609
22.78 7.902476828428755 -4.318548773381276
22.8 7.814146636396728 -4.514482919032924
22.82 7.721902266178666 -4.709695504843713
22.84 7.62577507856593 -4.90246088519308
22.86 7.525832862897853 -5.090864616382373
22.88 7.422183411832144 -5.272825396993308
22.9 7.31497754447219 -5.446128440653607
22.92 7.204411342502371 -5.608470828000724
22.94 7.090727361243257 -5.757518526793929
22.96 6.974214594086523 -5.890973708612632
22.98 6.855207007872933 -6.006649814049339
23.0 6.734080529491305 -6.102550659361672
23.02 6.611248448308692 -6.176948904311127
23.04 6.487155299491085 -6.228458590921138
23.06 6.362269400979537 -6.256096368252132
23.08 6.237074320515445 -6.25932652836762
23.1 6.112059636428085 -6.238086090301432
23.12 5.98771141578261 -6.192787774335636
23.14 5.864502857933387 -6.12430060790135
23.16 5.742885537188092 -6.033909839082943
23.18 5.623281627131511 -5.923259539106988
23.2 5.506077408080745 -5.794282531593799
23.22 5.391618258632556 -5.649122959453416
23.24 5.280205224462993 -5.490056859679027
23.26 5.172093154196323 -5.319415629233712
23.28 5.067490302902622 -5.139516370828836
23.3 4.966559235040909 -4.952601980134816
23.32 4.869418813331369 -4.760792649370007
23.34 4.776147037793486 -4.566049360712554
23.36 4.686784497249083 -4.370149026096078
23.38 4.60133820967929 -4.174670248784911
23.4 4.519785653079738 -3.980988245270635
23.42 4.442078820177831 -3.790277250809713
23.44 4.368148164518855 -3.603518697078859
23.46 4.297906338866924 -3.421513547486357
23.48 4.231251657443423 -3.24489735745952
23.5 4.168071239965007 -3.074156852933763
23.52 4.108243817194136 -2.909647058739449
23.54 4.051642194763177 -2.751608237438694
23.56 3.998135384721206 -2.600182104616838
23.58 3.947590423128852 -2.455426961650605
23.6 3.899873897727165 -2.317331529489196
23.62 3.854853212873408 -2.185827378243376
23.64 3.812397620165217 -2.060799930587774
23.66 3.772379042985231 -1.942098076289255
23.68 3.7346727220252 -1.829542474957526
23.7 3.699157707040065 -1.722932648538151
23.72 3.665717217907729 -1.622052977836694
23.74 3.634238895730044 -1.526677721612327
23.76 3.604614962348799 -1.436575175063404
23.78 3.576742304365558 -1.351511078856056
23.8 3.550522495609095 -1.271251381753233
23.82 3.525861770025457 -1.195564450519696
23.84 3.502670955190498 -1.124222810919349
23.86 3.480865375066646 -1.0570044938426
23.88 3.46036472923923 -0.99369405126743
23.9 3.441092954661527 -0.93408329808898
23.92 3.422978074897213 -0.87797182796484
23.94 3.405952040957981 -0.82516734426114
23.96 3.389950567076146 -0.77548584094078
23.98 3.374912964111118 -0.72875166277367
24.0 3.360781972749531 -0.68479746951218
24.02 3.347503598207789 -0.64346412459809
24.04 3.335026947770246 -0.60460052547933
24.06 3.323304072185147 -0.5680633896487
24.08 3.312289811684056 -0.53371700800541
24.1 3.301941647180216 -0.50143297502424
24.12 3.292219557029918 -0.47108990344136
24.14 3.283085879602016 -0.44257312968059
24.16 3.274505181789064 -0.41577441500722
24.18 3.266444133504348 -0.39059164636922
24.2 3.258871388138675 -0.36692854003678
24.22 3.2517574688958 -0.34469435045024
24.24 3.245074660883096 -0.32380358611236
24.26 3.238796908802214 -0.30417573389004
24.28 3.232899720061154 -0.28573499270843
24.3 3.2273600731127 -0.26841001730977
24.32 3.222156330813333 -0.25213367249996
24.34 3.21726815859033 -0.2368427981056
24.36 3.212676447201977 -0.22247798470597
24.38 3.2083632398758 -0.20898336007939
24.4 3.204311663611981 -0.1963063862067
24.42 3.200505864442996 -0.18439766660053
24.44 3.196930946445776 -0.17321076367344
24.46 3.193572914308807 -0.16270202581786
24.48 3.190418619263462 -0.15283042384238
24.5 3.187455708196144 -0.1435573963909
24.52 3.184672575765412 -0.13484670396041
24.54 3.182058319356004 -0.12666429112951
24.56 3.179602696709407 -0.11897815660986
24.58 3.177296086078369 -0.11175823073806
24.6 3.175129448760304 -0.10497626003234
24.62 3.173094293871966 -0.09860569844878
24.64 3.171182645234971 -0.092621604982641
24.66 3.169387010248697 -0.087000547273351
24.68 3.167700350633789 -0.081720510884693
24.7 3.166116054935952 -0.076760813945666
24.72 3.164627912685829 -0.072102026851424
24.74 3.163230090116658 -0.067725896737696
24.76 3.161917107346999 -0.063615276455969
24.78 3.160683816941107 -0.059754057790393
24.8 3.159525383764618 -0.056127108670603
24.82 3.158437266057967 -0.052720214147632
24.84 3.157415197654503 -0.049520020912532
24.86 3.15645517127455 -0.0465139851493
24.88 3.155553422830722 -0.043690323525254
24.9 3.154706416683602 -0.041037967132959
24.92 3.153910831790548 -0.038546518208335
24.94 3.153163548693759 -0.036206209459549
24.96 3.152461637296957 -0.034007865850794
24.98 3.151802345383081 -0.031942868694077
25.0 3.15118308782822 -0.030003121910678
25.02 3.150601436469718 -0.028181020332009
25.04 3.150055110588892 -0.026469419917281
25.06 3.149541967971194 -0.024861609772593
25.08 3.149059996508891 -0.02335128586288
25.1 3.148607306313431 -0.021932526314599
25.12 3.148182122306655 -0.020599768213123
25.14 3.147782777261871 -0.019347785804499
25.16 3.147407705267555 -0.018171670016657
25.18 3.147055435588115 -0.017066809220218
25.2 3.146724586897663 -0.016028871153827
25.22 3.146413861864225 -0.015053785943465
25.24 3.146122042063192 -0.014137730149395
25.26 3.145847983200065 -0.013277111778409
25.28 3.145590610623804 -0.012468556202784
25.3 3.145348915113187 -0.011708892930872
25.32 3.145121948919676 -0.010995143177579
25.34 3.144908822051279 -0.010324508186081
25.36 3.144708698782858 -0.0096943582550854
25.38 3.144520794379187 -0.0091022224286606
25.4 3.144344372017928 -0.0085457788082787
25.42 3.144178739900467 -0.0080228454491194
25.44 3.144023248539274 -0.0075313718049812
25.46 3.143877288211165 -0.007069430688284
25.48 3.143740286566472 -0.0066352107136645
25.5 3.143611706384758 -0.0062270091955553
25.52 3.143491043468272 -0.0058432254719155
25.54 3.143377824664888 -0.0054823546279501
25.56 3.143271606012771 -0.0051429815952182
25.58 3.14317197099951 -0.0048237756030029
25.6 3.143078528928878 -0.0045234849601936
25.62 3.142990913388815 -0.0042409321472259
25.64 3.142908780814648 -0.00397500919884
25.66 3.142831809141882 -0.0037246733595565
25.68 3.142759696543311 -0.0034889429948378
25.7 3.142692160245477 -0.0032668937419053
25.72 3.142628935419841 -0.0030576548851216
25.74 3.142569774144322 -0.0028604059417257
25.76 3.142514444431133 -0.0026743734445372
25.78 3.142462729317095 -0.0024988279090135
25.8 3.142414426012866 -0.0023330809727674
25.82 3.142369345107751 -0.0021764826963332
25.84 3.14232730982697 -0.0020284190145929
25.86 3.142288155338481 -0.0018883093288737
25.88 3.142251728106625 -0.001755604230273
25.9 3.142217885290072 -0.0016297833452849
25.92 3.142186494181702 -0.0015103532952802
25.94 3.142157431688225 -0.0013968457618393
25.96 3.142130583847496 -0.0012888156503523
25.98 3.142105845381639 -0.0011858393446837
26.0 3.142083119284228 -0.0010875130460603
26.02 3.142062316439889 -9.934511896674041E-4
26.04 3.142043355274864 -9.032849327442567E-4
26.06 3.142026161437129 -8.16660708251724E-4
26.08 3.142010667504846 -7.332388384390787E-4
26.1 3.141996812721981 -6.526922028744939E-4
26.12 3.14198454276006 -5.747049557159804E-4
26.14 3.141973809505135 -4.989712871929575E-4
26.16 3.141964570869118 -4.25194224441602E-4
26.18 3.141956790624735 -3.5308446699223886E-4
26.2 3.141950438263475 -2.823592523420145E-4
26.22 3.141945488875958 -2.1274124716487344E-4
26.24 3.141941923054251 -1.4395745981042834E-4
26.26 3.141939726815773 -7.573816982819278E-5
26.28 3.14193889154846 -7.815870318487463E-6
26.3 3.141939413976996 6.007578103635801E-5
26.32 3.141941296149971 1.2820300637426146E-4
26.34 3.141944545447913 1.9683295158447599E-4
26.36 3.141949174612228 2.662347338608814E-4
26.38 3.141955201795163 3.366804969852414E-4
26.4 3.141962650630989 4.0844647847862296E-4
26.42 3.141971550328673 4.8181409280530544E-4
26.44 3.141981935786419 5.570710348769716E-4
26.46 3.141993847728508 6.345124081841922E-4
26.48 3.142007332864995 7.144418819788151E-4
26.5 3.142022444074869 7.971728820448274E-4
26.52 3.142039240613406 8.830298197274896E-4
26.54 3.142057788344528 9.723493640391358E-4
26.56 3.142078159999069 0.0010654817618309
26.58 3.142100435459977 0.0011627922112065
26.6 3.142124702075556 0.0012646622935629
26.62 3.142151055001981 0.0013714914698752
26.64 3.142179597576434 0.0014836986470906
26.66 3.142210441722317 0.0016017238207754
26.68 3.142243708388131 0.0017260298004546
26.7 3.142279528021754 0.0018571040244112
26.72 3.142318041081959 0.0019954604710597
26.74 3.142359398589191 0.0021416416743895
26.76 3.142403762717761 0.0022962208513808
26.78 3.142451307431774 0.0024598041497339
26.8 3.142502219167288 0.0026330330247274
26.82 3.142556697563383 0.0028165867545224
26.84 3.142614956244997 0.0030111851037774
26.86 3.142677223660604 0.0032175911460168
26.88 3.142743743978025 0.0034366142558188
26.9 3.142814778041871 0.0036691132825559
26.92 3.14289060439638 0.0039159999181304
26.94 3.142971520377664 0.004178242271909
26.96 3.143057843279637 0.0044568686668738
26.98 3.143149911598203 0.0047529716718705
27.0 3.14324808635858 0.0050677123857646
27.02 3.143352752530972 0.0054023249902987
27.04 3.143464320540118 0.0057581215895008
27.06 3.143583227874672 0.006136497354614
27.08 3.143709940802682 0.0065389359947144
27.1 3.143844956199937 0.0069670155744619
27.12 3.143988803498311 0.0074224147017866
27.14 3.144142046761774 0.0079069191097607
27.16 3.144305286898188 0.0084224286584526
27.18 3.144479164015571 0.0089709647842003
27.2 3.144664359932061 0.0095546784254926
27.22 3.144861600849423 0.010175858456513
27.24 3.145071660200571 0.010836940661388
27.26 3.145295361682281 0.01154051728428
27.28 3.145533582484969 0.012289347192747
27.3 3.1457872567322 0.013086366694152
27.32 3.146057379143404 0.013934701047476
27.34 3.146345008934163 0.014837676715592
27.36 3.146651273969332 0.015798834405954
27.38 3.146977375185295 0.016821942950713
27.4 3.147324591298655 0.01791101408055
27.42 3.147694283819826 0.019070318149988
27.44 3.148087902391144 0.020304400875644
27.46 3.148506990470427 0.021618101152799
27.48 3.148953191382214 0.023016570019865
27.5 3.149428254760391 0.024505290844737
27.52 3.149934043407413 0.026090100811767
27.54 3.15047254059697 0.027777213793077
27.56 3.151045857848648 0.029573244693268
27.58 3.151656243205017 0.031485235362233
27.6 3.15230609004348 0.033520682176734
27.62 3.152997946457331 0.03568756539782
27.64 3.153734525242664 0.037994380417832
27.66 3.154518714530113 0.040450171017922
27.68 3.155353589102919 0.043064564764522
27.7 3.156242422445443 0.045847810681229
27.72 3.157188699569066 0.04881081934095
27.74 3.158196130665418 0.051965205532109
27.76 3.159268665640012 0.055323333662058
27.78 3.160410509582763 0.05889836607074
27.8 3.161626139235391 0.062704314438021
27.82 3.162920320519528 0.066756094478978
27.84 3.164298127193305 0.071069584132849
27.86 3.165764960708462 0.075661685463215
27.88 3.167326571344482 0.080550390499352
27.9 3.168989080700971 0.085754851261498
27.92 3.170759005634505 0.091295454226037
27.94 3.172643283731415 0.09719389950011
27.96 3.174649300413513 0.10347328498905
27.98 3.176784917779552 0.110158195854
28.0 3.179058505291328 0.1172747995711
28.02 3.181478972419685 0.12485094691734
28.04 3.184055803372303 0.13291627922194
28.06 3.186799094032098 0.1415023422343
28.08 3.189719591242156 0.15064270697198
28.1 3.192828734580533 0.16037309792152
28.12 3.196138700775771 0.17073152897385
28.14 3.199662450921689 0.18175844748064
28.16 3.203413780657744 0.19349688682029
28.18 3.207407373489035 0.20599262785879
28.2 3.211658857427613 0.21929436968236
28.22 3.216184865144185 0.233453909962
28.24 3.221003097826253 0.24852633528471
28.26 3.226132392945049 0.26457022174868
28.28 3.231592796139122 0.28164784606822
28.3 3.237405637426653 0.29982540736448
28.32 3.243593611961245 0.31917325972709
28.34 3.250180865546497 0.33976615551393
28.36 3.257193085122574 0.36168349920589
28.38 3.264657594432505 0.38500961144413
28.4 3.272603455066194 0.40983400263959
28.42 3.281061573065081 0.4362516552495
28.44 3.290064811248775 0.46436331345085
28.46 3.299648107395231 0.49427577849211
28.48 3.309848598366373 0.52610220745549
28.5 3.320705750219221 0.55996241249265
28.52 3.332261494276002 0.59598315678417
28.54 3.344560369042175 0.63429844248978
28.56 3.357649667755162 0.67504978477063
28.58 3.371579591214413 0.71838646454122
28.6 3.386403405380001 0.76446575090321
28.62 3.402177603026296 0.81345308218071
28.64 3.418962068492146 0.86552219206148
28.66 3.436820244271362 0.92085516449258
28.68 3.455819297827492 0.97964239761752
28.7 3.47603028658435 1.042082453106619
28.72 3.497528318526073 1.108381762653818
28.74 3.520392705224335 1.178754158124087
28.76 3.544707103380745 1.253420185776183
28.78 3.570559640113614 1.332606158113878
28.8 3.5980430162137 1.416542889219548
28.82 3.627254580426962 1.505464050927884
28.84 3.658296366478523 1.599604078001511
28.86 3.691275083018938 1.699195540767693
28.88 3.72630204494408 1.804465893793196
28.9 3.763493032614928 1.915633499620919
28.92 3.802968063396595 2.03290281811393
28.94 3.844851057678767 2.156458645603013
28.96 3.889269379188342 2.286459285247228
28.98 3.936353227049017 2.423028532686765
29.0 3.986234854814135 2.566246371617072
29.02 4.039047589785039 2.71613829534386
29.04 4.094924624579861 2.872663206268706
29.06 4.153997552466431 3.035699899679433
29.08 4.216394618831864 3.205032215538507
29.1 4.282238663831428 3.380333046428235
29.12 4.351644736320444 3.561147524925022
29.14 4.424717367260016 3.746875881243381
29.16 4.501547502544014 3.936756660846661
29.18 4.582209111198382 4.129851216134442
29.2 4.666755505557089 4.32503062421109
29.22 4.755215435404699 4.520966413989369
29.24 4.847589047782998 4.716126681120123
29.26 4.943843837096121 4.908779289821149
29.28 5.043910744371064 5.097003860582317
29.3 5.147680597135739 5.278714073135817
29.32 5.255001108519906 5.451691431165684
29.34 5.365674671281714 5.613631010919748
29.36 5.479457184631278 5.762198850463218
29.38 5.596058134470685 5.895099570300634
29.4 5.715142107786694 6.010151637769108
29.42 5.83633185845157 6.105366531986029
29.44 5.959212956713822 6.17902710212031
29.46 6.083339953812662 6.229759816636021
29.48 6.208243885388037 6.256595525556607
29.5 6.333440834073899 6.259013888408955
29.52 6.4584411850852 6.236967750787765
29.54 6.582759149791495 6.190885371339257
29.56 6.705922109082531 6.121650305459191
29.58 6.827479343950482 6.030560683204803
29.6 6.947009772995267 5.919271312590434
29.62 7.064128398462663 5.789723278120975
29.64 7.178491263374851 5.644066357107917
29.66 7.289798830146439 5.484579616032266
29.68 7.397797794094415 5.313595046150076
29.7 7.502281433912409 5.133428192548888
29.72 7.603088669174229 4.946318598960448
29.74 7.700102039479516 4.754381704764755
29.76 7.793244841373296 4.559572733908862
29.78 7.882477660504303 4.363662205824528
29.8 7.967794521948561 4.168222025421194
29.82 8.04921885608277 3.974620680214022
29.84 8.126799445532153 3.784025864124932
29.86 8.20060648455314 3.597412817806815
29.88 8.270727848837502 3.415576775937256
29.9 8.33726564326888 3.239148095774811
29.92 8.400333068873161 3.068608868044584
29.94 8.460051628611152 2.90431004967722
29.96 8.516548674765264 2.746488386185296
29.98 8.569955288119562 2.59528259598627
30.0 8.620404470371895 2.45074846293301
30.02 8.668029625610145 2.312872624758272
30.04 8.71296330359112 2.181584955410748
30.06 8.755336176386823 2.056769521609931
30.08 8.795276220191258 1.938274152538321
30.1 8.832908075280157 1.825918700799808
30.12 8.868352558940536 1.719502096754749
30.14 8.90172630837016 1.618808310781892
30.16 8.933141532889852 1.523611342031664
30.18 8.962705857172213 1.433679350359184
30.2 8.99052223947139 1.348778042351623
30.22 9.01668895097832 1.26867341421208
30.24 9.04129960438831 1.193133944852989
30.26 9.06444322153653 1.121932322687958
30.28 9.086204331528549 1.054846779842006
30.3 9.106663092173354 0.99166209818535
30.32 9.1258954287267 0.93217034295148
30.34 9.14397318498788 0.87617137183963
30.36 9.160964282679335 0.82347316046706
30.38 9.176932885792238 0.77389197881935
30.4 9.191939567218602 0.7272524479106
30.42 9.206041475526372 0.68338750115158
30.44 9.219292500182341 0.64213827086745
30.46 9.231743433900922 0.60335391693732
30.48 9.243442131105967 0.56689141157772
30.5 9.254433661747587 0.53261529179465
30.52 9.26476045992474 0.50039738892526
30.54 9.27446246693466 0.47011654292436
30.56 9.283577268508015 0.44165830757515
30.58 9.292140226099693 0.4149146515738
30.6 9.30018460219349 0.38978365941721
30.62 9.307741679648911 0.36616923517917
30.64 9.314840875172805 0.34398081156439
30.66 9.321509847040415 0.32313306605882
30.68 9.327774597222 0.30354564552779
30.7 9.333659568094267 0.28514290023322
30.72 9.33918773393209 0.26785362793327
30.74 9.34438068738667 0.25161082847995
30.76 9.349258721162602 0.23635146913163
30.78 9.353840905108928 0.22201626064023
30.8 9.358145158939239 0.20854944404894
30.82 9.362188320793572 0.19589858804037
30.84 9.365986211850883 0.18401439660176
30.86 9.369553697195611 0.17285052671865
30.88 9.372904743135714 0.16236341576892
30.9 9.376052471162625 0.15251211826099
30.92 9.379009208736302 0.14325815154208
30.94 9.381786537070965 0.13456535009235
30.96 9.384395336089321 0.12639972801661
30.98 9.386845826705379 0.11872934934621
31.0 9.389147610588207 0.11152420576861
31.02 9.391309707551425 0.10475610140934
31.04 9.393340590705806 0.098398544301473
31.06 9.39524821950519 0.092426644188464
31.08 9.397040070808925 0.086817016319461
31.1 9.398723168077406 0.081547690908948
31.12 9.40030410881081 0.07659802794672
31.14 9.401789090335025 0.071948637058009
31.16 9.403183934032895 0.067581302127624
31.18 9.404494108113295 0.063478910415839
31.2 9.405724749005285 0.059625385907392
31.22 9.40688068145951 0.056005626648244
31.24 9.407966437434275 0.052605445837641
31.26 9.40898627383917 0.049411516455507
31.28 9.409944189204843 0.046411319217127
31.3 9.410843939343502 0.043593093658609
31.32 9.411689052060882 0.040945792167571
31.34 9.4124828409768 0.038459036784
31.36 9.41322841850805 0.036123078606165
31.38 9.413928708064167 0.033928759645995
31.4 9.414586455503558 0.031867476987285
31.42 9.41520423989467 0.029931149108633
31.44 9.415784483624177 0.0281121842411
31.46 9.416329461891633 0.026403450638167
31.48 9.416841311627695 0.024798248642831
31.5 9.417322039870736 0.023290284443448
31.52 9.417773531634617 0.02187364541637
31.54 9.418197557298375 0.020542776959494
31.56 9.418595779546732 0.019292460726517
31.58 9.418969759888588 0.018117794177119
31.6 9.419320964779 0.01701417136331
31.62 9.41965077136864 0.015977264876997
31.64 9.419960472903206 0.015003008888272
31.66 9.420251283793957 0.014087583208185
31.68 9.420524344379233 0.013227398313706
31.7 9.420780725395594 0.012419081276339
31.72 9.42102143217612 0.01165946253936
31.74 9.421247408592291 0.010945563491936
31.76 9.421459540754927 0.010274584791517
31.78 9.421658660488665 0.0096438953887864
31.8 9.421845548593605 0.0090510222121927
31.82 9.422020937906904 0.0084936404716911
31.84 9.422185516176311 0.0079695645437003
31.86 9.42233992875693 0.0074767394015829
31.88 9.422484781141745 0.0070132325580746
31.9 9.422620641335873 0.0065772264880941
31.92 9.422748042083801 0.0061670115022434
31.94 9.422867482958391 0.0057809790430723
31.96 9.422979432319801 0.0054176153778346
31.98 9.423084329152024 0.0050754956630177
32.0 9.423182584784244 0.00475327835738
