0.0 -3.141592654 9.516
0.02 -2.952097554951741 9.439792242743394
0.04 -2.763755203462617 9.400408275139236
0.06 -2.57585176233681 9.39540516863427
0.08 -2.387732753061028 9.421301815019674
0.1 -2.198823114266297 9.473649820802204
0.12 -2.008645778523655 9.547112946023066
0.14 -1.81683845958943 9.635569034550982
0.16 -1.62316805603124 9.732248703946522
0.18 -1.42754181027801 9.829922740472788
0.2 -1.230014171193114 9.921144841994698
0.22 -1.030788253202536 9.998548127307106
0.24 -0.83021091811938 10.05518343118359
0.26 -0.62876085603198 10.08487642713188
0.28 -0.42702959813348 10.08257139502216
0.3 -0.22569609614026 10.04462455683206
0.32 -0.025496241341549 9.969011379484197
0.34 0.17281066557407 9.855420758404221
0.36 0.36847607694636 9.705223352550605
0.38 0.56079449230957 9.521318622094316
0.4 0.74913164329146 9.307881500889125
0.42 0.93294687603328 9.070041586705507
0.44 1.111808760846091 8.81353308657891
0.46 1.285403718936591 8.544352225543127
0.48 1.453538127405196 8.26845181986473
0.5 1.616134859785156 7.991492623069096
0.52 1.773225504079614 7.718660396022082
0.54 1.924939583327344 7.454548409196802
0.56 2.07149202612839 7.203098373293183
0.58 2.213169950930323 6.967588891556849
0.6 2.350319591868721 6.750659103889285
0.62 2.483333949024696 6.554355605866896
0.64 2.612641521711311 6.380192268009348
0.66 2.738696296063724 6.229214641013042
0.68 2.861969013407937 6.102062766694345
0.7 2.982939642103467 5.999028149940621
0.72 3.102090907329319 5.920102254732006
0.74 3.219902693639286 5.865015139178317
0.76 3.336847117196773 5.833263774251148
0.78 3.453384062583795 5.824130263231062
0.8 3.569956988558124 5.836690668464586
0.82 3.686988825178877 5.869815530327972
0.84 3.804877809739747 5.92216349126361
0.86 3.923993140422651 5.99216976153451
0.88 4.044670364744836 6.078031511325509
0.9 4.16720646531846 6.177692653816069
0.92 4.291854658697049 6.288830880000039
0.94 4.418818984093153 6.408850175937687
0.96 4.548248826334373 6.534882326535745
0.98 4.680233588729981 6.663800991065974
1.0 4.814797801590523 6.792251711663408
1.02 4.951897013729114 6.916700574275259
1.04 5.091414858086479 7.033503095738173
1.06 5.233161698191099 7.138993234793316
1.08 5.37687523939384 7.22959028763384
1.1 5.522223420151348 7.301919018356787
1.12 5.668809781526797 7.352936001256474
1.14 5.816181352155267 7.380053214036756
1.16 5.963838894117613 7.381248836400294
1.18 6.111249153152755 7.355155315822039
1.2 6.257858570211296 7.301116220309359
1.22 6.403107767046758 7.219206113987209
1.24 6.54644603836731 7.110211310152407
1.26 6.687345079766535 6.975573321528578
1.28 6.825311254793804 6.817300502900778
1.3 6.959895844403725 6.637856198224557
1.32 7.090702906311746 6.440033286467462
1.34 7.217394574177083 6.226825251941437
1.36 7.33969382103205 6.001302924954436
1.38 7.457384876789146 5.766504174605328
1.4 7.570311612398524 5.525341503078857
1.42 7.678374278063412 5.2805300944588
1.44 7.781525011956385 5.034536731259082
1.46 7.879762526457473 4.78954830893562
1.48 7.973126341174995 4.547457532067799
1.5 8.061690876592912 4.309862747532197
1.52 8.145559658737719 4.078078678093249
1.54 8.224859821412629 3.853154952873339
1.56 8.29973703364828 3.635899674577488
1.58 8.37035092923887 3.426905716800616
1.6 8.436871073953312 3.226577930465411
1.62 8.499473474302925 3.035159902808587
1.64 8.558337608830442 2.852759323301247
1.66 8.613643947517163 2.679371353409776
1.68 8.665571915670563 2.514899668177398
1.7 8.714298254161482 2.35917504183972
1.72 8.759995726873711 2.211971495783217
1.74 8.802832127648516 2.073020125404273
1.76 8.842969541998947 1.942020783082346
1.78 8.880563822776775 1.818651826832914
1.8 8.915764243313951 1.702578156144041
1.82 8.948713295988495 1.593457754406923
1.84 8.979546608453027 1.490946946182046
1.86 9.008392953770087 1.394704561008291
1.88 9.03537433434308 1.304395176239904
1.9 9.060606122781063 1.219691591343229
1.92 9.084197245686283 1.140276666430697
1.94 9.106250398821643 1.06584463931637
1.96 9.12686228422902 0.99610201847197
1.98 9.146123861662703 0.9307681341377
2.0 9.164120608211188 0.86957541653414
2.02 9.180932781241145 0.81226945856676
2.04 9.196635680843332 0.75860891048992
2.06 9.211299908822813 0.70836524554921
2.08 9.224991621982738 0.66132242848518
2.1 9.237772778027 0.61727651279281
2.12 9.24970137287344 0.57603518763525
2.14 9.260831668544487 0.53741729116333
2.16 9.271214411101784 0.50125230356706
2.18 9.280897038328786 0.46737983036823
2.2 9.289923877051634 0.43564908415656
2.22 9.298336330133221 0.40591837109068
2.24 9.306173053285967 0.37805458695793
2.26 9.313470121931935 0.35193272635264
2.28 9.320261188399788 0.32743540753881
2.3 9.326577629791158 0.30445241476878
2.32 9.332448686877901 0.28288025919673
2.34 9.337901594409244 0.26262175902634
2.36 9.342961703216563 0.24358563914018
2.38 9.347652594505312 0.22568615015475
2.4 9.351996186720056 0.20884270661177
2.42 9.356012835360934 0.19297954384067
2.44 9.35972142611922 0.17802539289722
2.46 9.363139461686735 0.16391317288998
2.48 9.366283142579439 0.15057969994205
2.5 9.369167442300016 0.13796541199453
2.52 9.371806177148162 0.12601410863493
2.54 9.374212070970795 0.11467270512471
2.56 9.376396815127947 0.10389099980185
2.58 9.378371123933655 0.09362145404407
2.6 9.380144785815051 0.083818983994154
2.62 9.381726710417075 0.074440763269027
2.64 9.383124971864898 0.065446035897245
2.66 9.384346848381268 0.056795938754701
2.68 9.385398858441663 0.048453332794394
2.7 9.38628679363631 0.040382642392631
2.72 9.387015748394855 0.032549702160429
2.74 9.38759014671666 0.024921610594811
2.76 9.388013766037525 0.01746658996978
2.78 9.388289758351796 0.01015385189086
2.8 9.388420668697566 0.0029534679599995
2.82 9.388408451101845 -0.0041637549807106
2.84 9.388254482072106 -0.011226395537777
2.86 9.387959571710613 -0.018262534879882
2.88 9.387523972518266 -0.025299870751135
2.9 9.386947385945344 -0.032365828842735
2.92 9.386228966737517 -0.03948767196696
2.94 9.38536732511677 -0.046692607463919
2.96 9.384360526828349 -0.054007893259199
2.98 9.383206091076671 -0.061460942979461
3.0 9.381900986365007 -0.0690794305229
3.02 9.380441624245977 -0.076891394472388
3.04 9.378823850982181 -0.084925342730758
3.06 9.37704293710881 -0.093210357750023
3.08 9.375093564882675 -0.1017762027191
3.1 9.372969813594926 -0.11065342906777
3.12 9.370665142717582 -0.11987348563753
3.14 9.368172372847125 -0.12946882986319
3.16 9.36548366440153 -0.13947304130109
3.18 9.362590494020542 -0.14992093783139
3.2 9.359483628612503 -0.16084869485174
3.22 9.356153096984842 -0.17229396776793
3.24 9.35258815898934 -0.18429601807223
3.26 9.348777272107655 -0.19689584328288
3.28 9.344708055397344 -0.21013631099566
3.3 9.340367250713821 -0.22406229727159
3.32 9.335740681119604 -0.23872082955112
3.34 9.330813206388713 -0.25416123424332
3.36 9.32556867551169 -0.27043528908739
3.38 9.319989876105312 -0.2875973803207
3.4 9.31405848063117 -0.30570466461036
3.42 9.307754989329026 -0.32481723561074
3.44 9.301058669774766 -0.34499829489488
3.46 9.293947492979104 -0.36631432686826
3.48 9.286398065952696 -0.3888352771051
3.5 9.278385560676474 -0.41263473334437
3.52 9.269883639433617 -0.43779010813866
3.54 9.260864376482567 -0.46438282185628
3.56 9.251298176079892 -0.49249848438733
3.58 9.241153686898812 -0.52222707348696
3.6 9.230397712935392 -0.5536631071927
3.62 9.21899512105135 -0.58690580716403
3.64 9.206908745372274 -0.62205924909551
3.66 9.194099288845004 -0.65923249553319
3.68 9.180525222360715 -0.69853970545691
3.7 9.166142681974069 -0.74010021385852
3.72 9.15090536489707 -0.78403857322129
3.74 9.134764425123188 -0.83048454726563
3.76 9.117668369747425 -0.87957304554036
3.78 9.099562957296552 -0.93144398538009
3.8 9.080391099676367 -0.98624206538832
3.82 9.060092769686031 -1.044116431915252
3.84 9.038604916449903 -1.1052202169572
3.86 9.015861391582326 -1.169709922493759
3.88 8.991792889437624 -1.237744622496743
3.9 8.966326905413778 -1.309484949705135
3.92 8.939387716980434 -1.385091829802766
3.94 8.910896392895818 -1.464724920936848
3.96 8.880770836966514 -1.548540711701234
3.98 8.84892587368924 -1.636690225969854
4.0 8.815273384190845 -1.729316278579372
4.02 8.779722502040835 -1.826550222210349
4.04 8.742179879730351 -1.92850812342124
4.06 8.702550037860936 -2.035286305329414
4.08 8.660735810318591 -2.146956196776434
4.1 8.616638899857168 -2.263558434041651
4.12 8.570160559489528 -2.385096172584051
4.14 8.521202415766584 -2.511527584423353
4.16 8.469667450262113 -2.642757543329883
4.18 8.415461155188317 -2.778628536799827
4.2 8.358492877820637 -2.918910892638954
4.22 8.298677366053162 -3.063292470405152
4.24 8.235936523655755 -3.211368044943161
4.26 8.170201378367533 -3.362628700765062
4.28 8.101414258560348 -3.516451660540184
4.3 8.029531164613502 -3.672091084763714
4.32 7.954524309230726 -3.828670496292093
4.34 7.876384786738643 -3.985177593038973
4.36 7.79512531520144 -4.140462301239815
4.38 7.710782977543498 -4.293238973339408
4.4 7.623421869732734 -4.442093629120011
4.42 7.53313554678921 -4.585497055708841
4.44 7.440049142687934 -4.721824403138938
4.46 7.344321030180449 -4.849381624622799
4.48 7.246143883380752 -4.966438712453694
4.5 7.145745011763572 -5.071269184092215
4.52 7.043385850694258 -5.162194709176654
4.54 6.939360521634165 -5.237633186381323
4.56 6.833993414470733 -5.296148044671745
4.58 6.727635793322133 -5.336496130873054
4.6 6.620661482491517 -5.357671326736584
4.62 6.513461746513752 -5.358941070516701
4.64 6.406439532098717 -5.339873268604687
4.66 6.300003284685577 -5.300351662269319
4.68 6.194560583341438 -5.240578512579758
4.7 6.090511851303382 -5.161064397330048
4.72 5.98824439397889 -5.062605869121211
4.74 5.888126992326957 -4.946252591364403
4.76 5.790505240008635 -4.813266251423287
4.78 5.695697761953581 -4.665073980557371
4.8 5.603993395421062 -4.503219161327246
4.82 5.51564935776538 -4.329312387292244
4.84 5.430890372871519 -4.144985002984961
4.86 5.3499086843799 -3.951847161451503
4.88 5.272864850699184 -3.751451767030923
4.9 5.19988919527151 -3.545265092913167
4.92 5.13108377517864 -3.334644333331413
4.94 5.066524730570806 -3.120821907893776
4.96 5.006264884584756 -2.904896000670702
4.98 4.950336476182946 -2.687826592939941
5.0 4.898753924538265 -2.470436127299075
5.02 4.851516541312798 -2.253413905746764
5.04 4.808611124910467 -2.037323355285472
5.06 4.770014387405438 -1.82261137131926
5.08 4.735695179633236 -1.609619053295284
5.1 4.70561649248733 -1.398593263563849
5.12 4.679737222664363 -1.189698557842594
5.14 4.658013699013604 -0.9830291459935
5.16 4.640400971466497 -0.77862064010221
5.18 4.626853868520246 -0.57646143052411
5.2 4.617327831727906 -0.37650359881547
5.22 4.611779536912878 -0.17867332965213
5.24 4.610167312169822 0.017119177007038
5.26 4.612451362404034 0.21097026576563
5.28 4.618593809436329 0.40297381464342
5.3 4.628558555771389 0.59321260458212
5.32 4.642310979180572 0.78175002463538
5.34 4.659817464450334 0.96862207905487
5.36 4.68104477814247 1.153829680681363
5.38 4.705959292136049 1.33733123960152
5.4 4.734526062193749 1.519035586291344
5.42 4.766707768924443 1.698795303683022
5.44 4.802463530388706 1.876400581762624
5.46 4.841747598280584 2.051573750031873
5.48 4.884507953149926 2.223964685500706
5.5 4.93068481849209 2.393147334196332
5.52 4.98020911865308 2.558617619103079
5.54 5.033000911230243 2.719793032856747
5.56 5.088967830754461 2.876014224644305
5.58 5.148003586582597 3.026548882479085
5.6 5.209986563669747 3.170598179298483
5.62 5.27477857969585 3.307305989863348
5.64 5.342223855284499 3.435770992459313
5.66 5.412148255135131 3.555061644575346
5.68 5.484358856179591 3.664233868023745
5.7 5.558643893854947 3.762351103287042
5.72 5.634773128921494 3.848506206371588
5.74 5.712498664876093 3.92184447915331
5.76 5.791556230176161 3.981586964007901
5.78 5.871666920830225 4.027053014379795
5.8 5.952539378429022 4.057681092491334
5.82 6.033872357705293 4.073046757246525
5.84 6.115357617750435 4.072876896627361
5.86 6.196683053671651 4.057059428203926
5.88 6.277535972216348 4.025647928343595
5.9 6.357606406898013 3.978860936421664
5.92 6.436590366160263 3.917075989564004
5.94 6.514192912301898 3.840818747813633
5.96 6.590130978876671 3.750747841378276
5.98 6.664135849181131 3.647636287370753
6.0 6.735955236956379 3.532350466989191
6.02 6.805354931021379 3.405827718029735
6.04 6.872119986637208 3.269053583635994
6.06 6.936055466498102 3.123039675791471
6.08 6.996986752133453 2.968802976504426
6.1 7.054759461302312 2.807347229258444
6.12 7.109239018161225 2.639646886904156
6.140000000000001 7.160309930441834 2.466633896791237
6.16 7.207874831750807 2.289187433328384
6.18 7.251853347800178 2.108126541961861
6.2 7.292180843440589 1.924205542227444
6.22 7.328807103422889 1.73811195272242
6.24 7.36169499447626 1.550466646202013
6.26 7.390819150134716 1.361825915031196
6.28 7.416164713255639 1.172685121164809
6.3 7.437726164740201 0.98348361543537
6.32 7.455506260867048 0.7946106330374
6.34 7.469515096069951 0.60641190103862
6.36 7.479769303022982 0.41919672557298
6.38 7.486291397568203 0.23324535794766
6.4 7.489109272301372 0.048816467908383
6.42 7.488255839452678 -0.13384542281096
6.44 7.483768820969242 -0.31450267369108
6.46 7.475690681318746 -0.49291753798688
6.48 7.464068696381212 -0.66884555812653
6.5 7.448955149776648 -0.84202944315051
6.52 7.430407646000436 -1.01219352716029
6.54 7.408489527735373 -1.17903891050788
6.56 7.383270382631639 -1.342239389912796
6.58 7.354826622674817 -1.501438288335292
6.6 7.323242117009994 -1.656246298587763
6.62 7.288608856804656 -1.806240454535215
6.640000000000001 7.25102762849848 -1.95096433849103
6.66 7.210608669724359 -2.089929621301512
6.68 7.167472280445121 -2.222619011103099
6.7 7.121749360614579 -2.348490656706341
6.72 7.073581845136394 -2.466984011495849
6.74 7.023123007259048 -2.577527113932067
6.76 6.970537602993713 -2.679545182483547
6.78 6.916001831820976 -2.772470358493624
6.8 6.85970309295049 -2.855752363594432
6.82 6.801839521722385 -2.928869773320749
6.84 6.742619297300843 -2.991341550764838
6.86 6.682259720410551 -3.04273843896349
6.88 6.620986068199082 -3.082693783471228
6.9 6.559030241968765 -3.110913351612974
6.92 6.496629232033121 -3.127183735085489
6.94 6.434023431800679 -3.131378968734629
6.96 6.371454839864055 -3.123465068992369
6.98 6.309165193919375 -3.103502286762109
7.0 6.247394083403948 -3.071644975536342
7.02 6.186377088597733 -3.028139088707851
7.04 6.126343992525448 -2.973317432106623
7.06 6.067517108425809 -2.907592900581863
7.08 6.010109760082372 -2.831450013755397
7.1 5.954324945324569 -2.745435130413277
7.12 5.900354204983919 -2.650145760086238
7.140000000000001 5.84837671104715 -2.546219403290985
7.16 5.798558579198263 -2.434322340028947
7.18 5.751052402851392 -2.315138752735913
7.2 5.705996998531686 -2.189360519571399
7.22 5.663517346347519 -2.057677952088872
7.24 5.623724704489916 -1.92077168341299
7.26 5.586716873263873 -1.779305844136769
7.28 5.552578582076769 -1.633922597513159
7.3 5.521381971981727 -1.485238046399136
7.32 5.493187146644705 -1.333839473957456
7.34 5.468042765787668 -1.180283839415483
7.36 5.445986657058338 -1.025097419387555
7.38 5.427046424696063 -0.8687764638294
7.4 5.41124003612622 -0.71178872254328
7.42 5.398576370569757 -0.55457569192336
7.44 5.389055716776477 -0.39755543083738
7.46 5.382670209986339 -0.24112579772715
7.48 5.379404201126384 -0.085667966861433
7.5 5.379234554019898 0.068449910914752
