0.0 9.424777961 -4.0
0.02 9.34512463946494 -3.967985694900934
0.04 9.265953586394708 -3.951714831058866
0.06 9.186953532418186 -3.95082230795316
0.08 9.107820822139491 -3.964911547148893
0.1 9.028260070909056 -3.993551266471218
0.12 8.947984915562143 -4.036269349343733
0.14 8.866718914832054 -4.092544048002614
0.16 8.7841966503114 -4.161792769224768
0.18 8.700165073546728 -4.243358727566752
0.2 8.614385138531124 -4.336495818741949
0.22 8.526633750841675 -4.440352168311224
0.24 8.436706054234157 -4.553952950045232
0.26 8.34441806193071 -4.676183242806372
0.28 8.249609622460584 -4.80577189874423
0.3 8.152147688259475 -4.941277616920647
0.32 8.051929829137313 -5.08107863519619
0.34 7.948887902514926 -5.223367640226851
0.36 7.842991759009616 -5.366153612428095
0.38 7.734252827366454 -5.507272323989953
0.4 7.622727389690675 -5.64440704462459
0.42 7.508519330188816 -5.775120637306615
0.44 7.391782122681604 -5.896899615452521
0.46 7.272719818853198 -6.007209881877336
0.48 7.15158681505368 -6.103562815978767
0.5 7.028686213763862 -6.18358920370405
0.52 6.904366657678264 -6.245117346594958
0.54 6.77901759786659 -6.286250708096286
0.56 6.65306305725553 -6.305439834123164
0.58 6.526954057994931 -6.301543173219104
0.6 6.401159984901923 -6.273871910749678
0.62 6.276159244930035 -6.22221502141362
0.64 6.152429643342965 -6.146842330922603
0.66 6.030438922887141 -6.048485264103471
0.68 5.91063589925329 -5.92829688742948
0.7 5.793442576280876 -5.787794564806431
0.72 5.679247544409089 -5.628789815390241
0.74 5.568400866163356 -5.453310654314787
0.76 5.461210545056586 -5.263521777554568
0.78 5.357940570921535 -5.061647484633664
0.8 5.258810445059932 -4.849901353968036
0.82 5.163996019222828 -4.630425568300769
0.84 5.073631436334436 -4.405241605230851
0.86 4.987811937825819 -4.176212905417194
0.88 4.90659729976559 -3.945019209531179
0.9 4.830015673440008 -3.71314156709004
0.92 4.758067630810098 -3.481856575960771
0.94 4.690730246660135 -3.252238189026665
0.96 4.627961083192816 -3.025165383741749
0.98 4.569701976167282 -2.801334082960223
1.0 4.515882552226431 -2.581271894415554
1.02 4.466423433513533 -2.365354460824373
1.04 4.421239107456389 -2.153822451023245
1.06 4.380240456662836 -1.946798452371926
1.08 4.343336956549644 -1.744303231836619
1.1 4.310438557152955 -1.546271010456788
1.12 4.281457271169396 -1.352563541065682
1.14 4.256308493288469 -1.16298289330542
1.16 4.23491207688985 -0.97728293627725
1.18 4.217193193711158 -0.79517957168763
1.2 4.203083000574949 -0.61635981342937
1.22 4.192519135044853 -0.44048983730324
1.24 4.185446059228893 -0.26722214069571
1.26 4.181815268064313 -0.096201959555964
1.28 4.181585375448903 0.072926908586882
1.3 4.184722088631715 0.24051672968671
1.32 4.191198078412326 0.40691076622948
1.34 4.200992749971376 0.57243838601667
1.36 4.214091916601955 0.73741022386783
1.38 4.230487376261755 0.90211328434482
1.4 4.250176388750687 1.066805886184995
1.42 4.273161049475356 1.23171236382478
1.44 4.299447554238762 1.397017458857634
1.46 4.329045348354318 1.562860355331336
1.48 4.361966152709057 1.72932833839855
1.5 4.398222859292641 1.896450086985629
1.52 4.437828289286912 2.064188648777834
1.54 4.480793808212847 2.2324341906831
1.56 4.527127795007049 2.400996670407588
1.58 4.57683396539947 2.569598634631385
1.6 4.629909554726355 2.737868415417489
1.62 4.686343371442719 2.905334066656588
1.64 4.74611374014297 3.071418452811765
1.66 4.809186361810831 3.235435967537254
1.68 4.875512129127881 3.396591412631992
1.7 4.945024945637944 3.553981599253186
1.72 5.017639608862358 3.706600233055721
1.74 5.093249828346483 3.853346602174792
1.76 5.171726459139004 3.993038491816203
1.78 5.252916038235435 4.124429594363062
1.8 5.336639714826215 4.246231466755219
1.82 5.422692663561192 4.357139811688345
1.84 5.510844062428045 4.455864538731897
1.86 5.600837702544093 4.541162718015149
1.88 5.69239327601649 4.611873203730591
1.9 5.785208360562734 4.666951414806664
1.92 5.878961087108695 4.705502555257915
1.94 5.973313441165674 4.726811472784335
1.96 6.067915113129417 4.730367416910417
1.98 6.162407779804259 4.715882177210704
2.0 6.25642967250273 4.683300448257057
2.02 6.349620268674852 4.632801750996538
2.04 6.441624936076884 4.564793793463338
2.06 6.532099361835344 4.479897719625902
2.08 6.620713613054905 4.378926214418196
2.1 6.707155699383755 4.262855853333117
2.12 6.791134538803528 4.132795368741763
2.14 6.872382262904631 3.989951633992145
2.16 6.950655833930411 3.835595142238208
2.18 7.025737980035901 3.671026599518381
2.2 7.0974374851501 3.497545993203932
2.22 7.165588893917484 3.316425176325826
2.24 7.230051709574525 3.128884664421904
2.26 7.290709173177845 2.936075008574097
2.28 7.347466716836351 2.739062812340129
2.3 7.400250182433403 2.538821218062928
2.32 7.449003891922485 2.336224507213734
2.34 7.493688646879772 2.132046339982225
2.36 7.534279724778315 1.92696109562361
2.38 7.570764928438852 1.72154775797291
2.4 7.603142734137753 1.516295809337943
2.42 7.631420573522855 1.31161263992604
2.44 7.655613275205797 1.107832039262544
2.46 7.675741683886966 0.90522340250245
2.48 7.691831468201852 0.70400135168687
2.5 7.70391212311999 0.5043355351688
2.52 7.712016168566422 0.30636042449299
2.54 7.716178542808131 0.110184975102
2.56 7.716436186864297 -0.084097945529384
2.58 7.712827814559922 -0.27640243152709
2.6 7.705393861648949 -0.46664076573065
2.62 7.694176606497256 -0.65471504360208
2.64 7.679220453963969 -0.84050923710175
2.66 7.660572373196171 -1.023881748818987
2.68 7.638282478922972 -1.204658519899848
2.7 7.612404744389893 -1.382626773420925
2.72 7.582997832231098 -1.557529496325899
2.74 7.550126027284906 -1.729060786120215
2.76 7.513860252605204 -1.896862211144909
2.78 7.474279146740291 -2.060520353020695
2.8 7.431470176825275 -2.219565714035884
2.82 7.385530758305741 -2.373473177858799
2.84 7.33656934838143 -2.521664205892779
2.86 7.284706476792595 -2.663510930898831
2.88 7.230075674687221 -2.798342271691758
2.9 7.172824260364957 -2.925452136148548
2.92 7.113113940073931 -3.044109704158789
2.94 7.051121183108907 -3.153571688969389
2.96 6.987037333542823 -3.253096368219265
2.98 6.921068426243117 -3.341959060696257
3.0 6.853434682464567 -3.41946860952634
3.02 6.784369670177189 -3.484984326900917
3.04 6.714119126080582 -3.537932770253441
3.06 6.642939449460449 -3.577823665482648
3.08 6.571095891948604 -3.604264278291789
3.1 6.498860480993021 -3.616971565947576
3.12 6.426509727487776 -3.615781520652135
3.14 6.354322178621746 -3.600655239365966
3.16 6.282575884754444 -3.571681415542223
3.18 6.211545853392112 -3.529075133800439
3.2 6.141501563764632 -3.473173044077781
3.22 6.072704612056874 -3.404425181034873
3.24 6.00540655030965 -3.323383861999541
3.26 5.939846971944589 -3.230690229631657
3.28 5.876251884572196 -3.127059094915497
3.3 5.814832397131779 -3.013262777953574
3.32 5.755783734436756 -2.890114639138723
3.34 5.699284578749896 -2.758452946702834
3.36 5.64549672584521 -2.619125646688446
3.38 5.594565032693914 -2.472976498257304
3.4 5.546617625797523 -2.320832921651111
3.42 5.501766333428613 -2.163495788088057
3.44 5.46010730159007 -2.001731268874484
3.46 5.421721752178937 -1.836264761388754
3.48 5.386676842348986 -1.667776826423476
3.5 5.355026586055741 -1.496901006550517
3.52 5.326812801868418 -1.324223348746338
3.54 5.302066054989192 -1.150283425109675
3.56 5.28080656571286 -0.97557663079221
3.58 5.263045061023435 -0.80055753539945
3.6 5.24878355045149 -0.62564407010495
3.62 5.238016011559305 -0.45122234468484
3.64 5.23072897438669 -0.27765190406671
3.66 5.226901997832239 -0.10527125067438
3.68 5.226508034254091 0.065596524807994
3.7 5.229513681570214 0.2346381467921
3.72 5.23587932485873 0.4015447221764
3.74 5.245559171951654 0.56600659155989
3.76 5.258501189830379 0.72770857636534
3.78 5.274646950813369 0.88632572829081
3.8 5.293931399610424 1.041519683220756
3.82 5.316282554322699 1.19293571795302
3.84 5.341621156393714 1.340200603809821
3.86 5.369860286342332 1.482921345272366
3.88 5.40090496378988 1.620684883056423
3.9 5.434651751763088 1.753058828430961
3.92 5.470988386424785 1.879593278129929
3.94 5.509793454151112 1.999823736239211
3.96 5.550936138123568 2.113275140659207
3.98 5.594276056221027 2.219466957344329
4.0 5.63966321087563 2.317919266285662
4.02 5.686938069613399 2.408159720556226
4.04 5.73593179218707 2.489731215746614
4.06 5.786466616523627 2.5622000644231
4.08 5.838356411208305 2.625164431904736
4.1 5.891407397030202 2.678262758938068
4.12 5.945419034406377 2.721181876900423
4.14 6.000185067524919 2.753664514694009
4.16 6.055494710093384 2.775515905426779
4.18 6.111133951965644 2.786609226153562
4.2 6.166886960970266 2.786889644926808
4.22 6.222537550277135 2.776376804374909
4.24 6.27787067886725 2.75516563690456
4.26 6.332673951291754 2.723425479290918
4.28 6.386739083009102 2.68139752908944
4.3 6.439863299163792 2.629390756986315
4.32 6.491850637608699 2.567776453194808
4.34 6.542513131080651 2.496981638331881
4.36 6.591671848451238 2.417481606990677
4.38 6.63915778058317 2.329791893879598
4.4 6.684812562199604 2.234459957706299
4.42 6.728489027001474 2.132056867985257
4.44 6.770051598758997 2.023169256720604
4.46 6.809376526020855 1.908391763274648
4.48 6.846351972251563 1.788320159881377
4.5 6.880877976512675 1.663545300466134
4.52 6.91286630219882 1.534647989724524
4.54 6.942240192833791 1.402194825391739
4.56 6.96893405457987 1.266735026321928
4.58 6.992893085004646 1.128798223794923
4.6 7.014072866894708 0.98889316416492
4.62 7.032438944626213 0.84750724781249
4.64 7.047966398919994 0.70510681216799
4.66 7.060639433838316 0.56213805482952
4.68 7.07045098772347 0.41902848578477
4.7 7.077402377521778 0.27618879465018
4.72 7.081502983650378 0.13401501884035
4.74 7.082769980302443 -0.0071090990808609
4.76 7.081228113889461 -0.14680967258456
4.78 7.076909530215491 -0.28472025339049
4.8 7.069853648987825 -0.42047953113561
4.82 7.060107082406256 -0.55372924019981
4.84 7.047723592851313 -0.68411235606172
4.86 7.032764083123234 -0.81127165555018
4.88 7.015296611282985 -0.93484870651067
4.9 6.995396420933366 -1.054483342502178
4.92 6.973145976775491 -1.16981366694795
4.94 6.94863499451174 -1.280476618477141
4.96 6.921960453671864 -1.386109114880623
4.98 6.893226581747452 -1.486349777141365
5.0 6.862544798163236 -1.580841217516233
5.02 6.830033607119509 -1.669232856947656
5.04 6.795818429227853 -1.751184217669665
5.06 6.760031363140073 -1.826368617434649
5.08 6.722810870029932 -1.894477173187828
5.1 6.684301375802328 -1.955223005248285
5.12 6.644652788227888 -2.008345519177125
5.14 6.604019928764117 -2.053614632568984
5.16 6.562561881539108 -2.090834808929138
5.18 6.520441264735018 -2.119848761327479
5.2 6.477823432299242 -2.140540695091959
5.22 6.434875616409089 -2.152838971493064
5.24 6.391766023301097 -2.156718092846104
5.26 6.34866289684 -2.152199932975488
5.28 6.305733565454467 -2.139354164421862
5.3 6.26314348874272 -2.118297863700842
5.32 6.221055320117024 -2.089194306712947
5.34 6.17962800131176 -2.052250996358968
5.36 6.139015903458456 -2.007716991898173
5.38 6.099368027797158 -1.95587963315728
5.4 6.060827277037009 -1.897060771216202
5.42 6.023529806009275 -1.8316126299004
5.44 5.987604457693724 -1.759913428952199
5.46 5.95317228806744 -1.682362900200014
5.48 5.920346180642048 -1.599377822833054
5.5 5.889230549126997 -1.511387693762062
5.52 5.85992112447204 -1.418830634963247
5.54 5.832504820669874 -1.322149622743749
5.56 5.807059672186305 -1.221789105142916
5.58 5.783654834754969 -1.11819205425289
5.6 5.762350640531062 -1.011797481046858
5.62 5.743198698230685 -0.90303842212741
5.64 5.7262420288629 -0.79234039125184
5.66 5.711515227953225 -0.68012027397146
5.68 5.699044645716926 -0.56678563147931
5.7 5.688848577421238 -0.45273436988478
5.72 5.680937457130554 -0.33835472359302
5.74 5.675314049111801 -0.22402549614157
5.76 5.671973632346336 -0.11011649855904
5.78 5.670904174810794 0.0030108761439795
5.8 5.672086495417956 0.11500300357121
5.82 5.675494412719346 0.22551336324389
5.84 5.681094880637005 0.33420191536957
5.86 5.688848112589012 0.44073457185137
5.88 5.698707696380458 0.54478280931287
5.9 5.710620703129203 0.64602346597972
5.92 5.724527794265977 0.74413875745606
5.94 5.740363331274285 0.8388165388213
5.96 5.758055493301759 0.92975083212036
5.98 5.777526408067 1.016642629318976
6.0 5.798692301592905 1.099200971271187
6.02 5.82146367221007 1.17714429336953
6.04 5.845745493987177 1.250202018542725
6.06 5.87143745425951 1.318116368404943
6.08 5.898434229247796 1.380644353968972
6.1 5.92662580090051 1.437559898772893
6.12 5.955897817073906 1.488656039917602
6.140000000000001 5.986131996013403 1.5337471467493
6.16 6.017206574852912 1.572671093097265
6.18 6.048996800547041 1.605291317385724
6.2 6.081375460341825 1.631498705786846
6.22 6.114213447622564 1.651213236967569
6.24 6.147380357803265 1.664385332875221
6.26 6.18074510788972 1.670996868237377
6.28 6.214176572501322 1.671061801714657
6.3 6.24754422851191 1.664626403511462
6.32 6.280718800094131 1.65176906718757
6.34 6.313572895840463 1.632599706822684
6.36 6.345981629790417 1.607258753935553
6.38 6.377823218607907 1.575915781029418
6.4 6.408979547804163 1.538767789758782
6.42 6.439336700757781 1.496037211009206
6.44 6.468785445304282 1.447969671288933
6.46 6.49722167380659 1.394831584520224
6.48 6.524546793825549 1.336907630502386
6.5 6.550668067736367 1.274498181048392
6.52 6.57549890083496 1.207916732247064
6.54 6.598959078604778 1.137487396749423
6.56 6.620974954832998 1.063542503772531
6.58 6.641479593146021 0.98642034705494
6.6 6.660412865256965 0.90646311270021
6.62 6.677721509769659 0.82401501011638
6.640000000000001 6.693359155759817 0.73942062047792
6.66 6.707286315556838 0.65302346863549
6.68 6.719470351187673 0.56516481645448
6.7 6.729885418830618 0.47618266839439
6.72 6.738512395379178 0.38641097390367
6.74 6.745338790853783 0.29617900600198
6.76 6.750358649943618 0.20581089130593
6.78 6.753572445433954 0.11562526373851
6.8 6.754986965698032 0.025935012226898
6.82 6.754615197828029 -0.062952908204377
6.84 6.752476207366959 -0.15073763245554
6.86 6.748595015001684 -0.23712453800696
6.88 6.743002470003761 -0.32182542189606
6.9 6.735735119675792 -0.4045587271174
6.92 6.72683507359049 -0.48504984028352
6.94 6.716349861010526 -0.56303147853097
6.96 6.704332279560344 -0.63824417930261
6.98 6.690840232995421 -0.71043690188462
7.0 6.675936555786971 -0.77936774453394
7.02 6.659688822215271 -0.8448047758202
7.04 6.642169137744856 -0.90652697356075
7.06 6.623453910638902 -0.96432525959421
7.08 6.603623602054405 -1.018003613774343
7.1 6.582762453237342 -1.067380246133469
7.12 6.560958188897485 -1.112288802328024
7.140000000000001 6.538301696372529 -1.152579574391271
7.16 6.51488668077428 -1.188120686622172
7.18 6.490809296926669 -1.218799225248771
7.2 6.466167759535536 -1.244522280402137
7.22 6.441061933650991 -1.265217869963685
7.24 6.415592908072237 -1.280835716998503
7.26 6.389862554880068 -1.29134785570382
7.28 6.363973078743331 -1.296749044977575
7.3 6.338026560014975 -1.297056973692693
7.32 6.312124495896522 -1.292312247351932
7.34 6.286367344096999 -1.28257815176884
7.36 6.260854073438466 -1.267940195525118
7.38 6.235681725764966 -1.248505438940551
7.4 6.210944993300009 -1.224401622913391
7.42 6.186735815279039 -1.195776116023032
7.44 6.163142997271518 -1.162794702542786
7.46 6.14025185611935 -1.125640237341118
7.48 6.118143892873984 -1.084511195956537
7.5 6.096896495534676 -1.039620149368338
