0.0 -3.141592653589793 0.0
0.02 -3.141592653589793 2.400307726328812E-17
0.04 -3.141592653589793 4.800615452657624E-17
0.06 -3.141592653589793 7.200923178986436E-17
0.08 -3.141592653589793 9.601230905315247E-17
0.1 -3.141592653589793 1.200153863164406E-16
0.12 -3.141592653589793 1.4401846357972871E-16
0.14 -3.141592653589793 1.6802154084301683E-16
0.16 -3.141592653589793 1.9202461810630495E-16
0.18 -3.141592653589793 2.1602769536959307E-16
0.2 -3.141592653589793 2.400307726328812E-16
0.22 -3.141592653589793 2.640338498961693E-16
0.24 -3.141592653589793 2.8803692715945743E-16
0.26 -3.141592653589793 3.1204000442274555E-16
0.28 -3.141592653589793 3.3604308168603367E-16
0.3 -3.141592653589793 3.600461589493218E-16
0.32 -3.141592653589793 3.840492362126099E-16
0.34 -3.141592653589793 4.08052313475898E-16
0.36 -3.141592653589793 4.3205539073918614E-16
0.38 -3.141592653589793 4.560584680024743E-16
0.4 -3.141592653589793 4.800615452657624E-16
0.42 -3.141592653589793 5.040646225290505E-16
0.44 -3.141592653589793 5.280676997923386E-16
0.46 -3.141592653589793 5.520707770556267E-16
0.48 -3.141592653589793 5.760738543189149E-16
0.5 -3.141592653589793 6.00076931582203E-16
0.52 -3.141592653589793 6.240800088454911E-16
0.54 -3.141592653589793 6.480830861087792E-16
0.56 -3.141592653589793 6.720861633720673E-16
0.58 -3.141592653589793 6.960892406353555E-16
0.6 -3.141592653589793 7.200923178986436E-16
0.62 -3.141592653589793 7.440953951619317E-16
0.64 -3.141592653589793 7.680984724252198E-16
0.66 -3.141592653589793 7.921015496885079E-16
0.68 -3.141592653589793 8.16104626951796E-16
0.7 -3.141592653589793 8.401077042150842E-16
0.72 -3.141592653589793 8.641107814783723E-16
0.74 -3.141592653589793 8.881138587416604E-16
0.76 -3.141592653589793 9.121169360049485E-16
0.78 -3.141592653589793 9.361200132682366E-16
0.8 -3.141592653589793 9.601230905315247E-16
0.82 -3.141592653589793 9.841261677948128E-16
0.84 -3.141592653589793 1.008129245058101E-15
0.86 -3.141592653589793 1.0321323223213891E-15
0.88 -3.141592653589793 1.0561353995846772E-15
0.9 -3.141592653589793 1.0801384768479654E-15
0.92 -3.141592653589793 1.1041415541112535E-15
0.94 -3.141592653589793 1.1281446313745416E-15
0.96 -3.141592653589793 1.1521477086378297E-15
0.98 -3.141592653589793 1.1761507859011178E-15
1.0 -3.141592653589793 1.200153863164406E-15
1.02 -3.141592653589793 1.224156940427694E-15
1.04 -3.141592653589793 1.2481600176909822E-15
1.06 -3.141592653589793 1.2721630949542703E-15
1.08 -3.141592653589793 1.2961661722175584E-15
1.1 -3.141592653589793 1.3201692494808465E-15
1.12 -3.141592653589793 1.3441723267441347E-15
1.14 -3.141592653589793 1.3681754040074228E-15
1.16 -3.141592653589793 1.392178481270711E-15
1.18 -3.141592653589793 1.416181558533999E-15
1.2 -3.141592653589793 1.4401846357972871E-15
1.22 -3.141592653589793 1.4641877130605753E-15
1.24 -3.141592653589793 1.4881907903238634E-15
1.26 -3.141592653589793 1.5121938675871515E-15
1.28 -3.141592653589793 1.5361969448504396E-15
1.3 -3.141592653589793 1.5602000221137277E-15
1.32 -3.141592653589793 1.5842030993770159E-15
1.34 -3.141592653589793 1.608206176640304E-15
1.36 -3.141592653589793 1.632209253903592E-15
1.38 -3.141592653589793 1.6562123311668802E-15
1.4 -3.141592653589793 1.6802154084301683E-15
1.42 -3.141592653589793 1.7042184856934565E-15
1.44 -3.141592653589793 1.7282215629567446E-15
1.46 -3.141592653589793 1.7522246402200327E-15
1.48 -3.141592653589793 1.7762277174833208E-15
1.5 -3.141592653589793 1.8002307947466087E-15
1.52 -3.141592653589793 1.824233872009897E-15
1.54 -3.141592653589793 1.8482369492731854E-15
1.56 -3.141592653589793 1.8722400265364737E-15
1.58 -3.141592653589793 1.896243103799762E-15
1.6 -3.141592653589793 1.9202461810630503E-15
1.62 -3.141592653589793 1.9442492583263386E-15
1.64 -3.141592653589793 1.968252335589627E-15
1.66 -3.141592653589793 1.9922554128529153E-15
1.68 -3.141592653589793 2.0162584901162036E-15
1.7 -3.141592653589793 2.040261567379492E-15
1.72 -3.141592653589793 2.0642646446427802E-15
1.74 -3.141592653589793 2.0882677219060685E-15
1.76 -3.141592653589793 2.112270799169357E-15
1.78 -3.141592653589793 2.136273876432645E-15
1.8 -3.141592653589793 2.1602769536959335E-15
1.82 -3.141592653589793 2.1842800309592218E-15
1.84 -3.141592653589793 2.20828310822251E-15
1.86 -3.141592653589793 2.2322861854857984E-15
1.88 -3.141592653589793 2.2562892627490867E-15
1.9 -3.141592653589793 2.280292340012375E-15
1.92 -3.141592653589793 2.3042954172756634E-15
1.94 -3.141592653589793 2.3282984945389517E-15
1.96 -3.141592653589793 2.35230157180224E-15
1.98 -3.141592653589793 2.3763046490655283E-15
2.0 -3.141592653589793 2.4003077263288166E-15
2.02 -3.141592653589793 2.424310803592105E-15
2.04 -3.141592653589793 2.4483138808553933E-15
2.06 -3.141592653589793 2.4723169581186816E-15
2.08 -3.141592653589793 2.49632003538197E-15
2.1 -3.141592653589793 2.5203231126452582E-15
2.12 -3.141592653589793 2.5443261899085465E-15
2.14 -3.141592653589793 2.568329267171835E-15
2.16 -3.141592653589793 2.592332344435123E-15
2.18 -3.141592653589793 2.6163354216984115E-15
2.2 -3.141592653589793 2.6403384989616998E-15
2.22 -3.141592653589793 2.664341576224988E-15
2.24 -3.141592653589793 2.6883446534882764E-15
2.26 -3.141592653589793 2.7123477307515647E-15
2.28 -3.141592653589793 2.736350808014853E-15
2.3 -3.141592653589793 2.7603538852781414E-15
2.32 -3.141592653589793 2.7843569625414297E-15
2.34 -3.141592653589793 2.808360039804718E-15
2.36 -3.141592653589793 2.8323631170680063E-15
2.38 -3.141592653589793 2.8563661943312946E-15
2.4 -3.141592653589793 2.880369271594583E-15
2.42 -3.141592653589793 2.9043723488578713E-15
2.44 -3.141592653589793 2.9283754261211596E-15
2.46 -3.141592653589793 2.952378503384448E-15
2.48 -3.141592653589793 2.9763815806477362E-15
2.5 -3.141592653589793 3.0003846579110245E-15
2.52 -3.141592653589793 3.024387735174313E-15
2.54 -3.141592653589793 3.048390812437601E-15
2.56 -3.141592653589793 3.0723938897008895E-15
2.58 -3.141592653589793 3.096396966964178E-15
2.6 -3.141592653589793 3.120400044227466E-15
2.62 -3.141592653589793 3.1444031214907544E-15
2.64 -3.141592653589793 3.1684061987540428E-15
2.66 -3.141592653589793 3.192409276017331E-15
2.68 -3.141592653589793 3.2164123532806194E-15
2.7 -3.141592653589793 3.2404154305439077E-15
2.72 -3.141592653589793 3.264418507807196E-15
2.74 -3.141592653589793 3.2884215850704843E-15
2.76 -3.141592653589793 3.3124246623337727E-15
2.78 -3.141592653589793 3.336427739597061E-15
2.8 -3.141592653589793 3.3604308168603493E-15
2.82 -3.141592653589793 3.3844338941236376E-15
2.84 -3.141592653589793 3.408436971386926E-15
2.86 -3.141592653589793 3.4324400486502142E-15
2.88 -3.141592653589793 3.4564431259135025E-15
2.9 -3.141592653589793 3.480446203176791E-15
2.92 -3.141592653589793 3.504449280440079E-15
2.94 -3.141592653589793 3.5284523577033675E-15
2.96 -3.141592653589793 3.552455434966656E-15
2.98 -3.141592653589793 3.576458512229944E-15
3.0 -3.141592653589793 3.6004615894932324E-15
3.02 -3.141592653589793 3.624464666756521E-15
3.04 -3.141592653589793 3.648467744019809E-15
3.06 -3.141592653589793 3.6724708212830974E-15
3.08 -3.141592653589793 3.696473898546386E-15
3.1 -3.141592653589793 3.720476975809674E-15
3.12 -3.141592653589793 3.744480053072962E-15
3.14 -3.141592653589793 3.768483130336251E-15
3.16 -3.141592653589793 3.792486207599539E-15
3.18 -3.141592653589793 3.816489284862827E-15
3.2 -3.141592653589793 3.840492362126116E-15
3.22 -3.141592653589793 3.864495439389404E-15
3.24 -3.141592653589793 3.888498516652692E-15
3.26 -3.141592653589793 3.9125015939159806E-15
3.28 -3.141592653589793 3.936504671179269E-15
3.3 -3.141592653589793 3.960507748442557E-15
3.32 -3.141592653589793 3.9845108257058455E-15
3.34 -3.141592653589793 4.008513902969134E-15
3.36 -3.141592653589793 4.032516980232422E-15
3.38 -3.141592653589793 4.0565200574957105E-15
3.4 -3.141592653589793 4.080523134758999E-15
3.42 -3.141592653589793 4.104526212022287E-15
3.44 -3.141592653589793 4.1285292892855754E-15
3.46 -3.141592653589793 4.152532366548864E-15
3.48 -3.141592653589793 4.176535443812152E-15
3.5 -3.141592653589793 4.20053852107544E-15
3.52 -3.141592653589793 4.224541598338729E-15
3.54 -3.141592653589793 4.248544675602017E-15
3.56 -3.141592653589793 4.272547752865305E-15
3.58 -3.141592653589793 4.296550830128594E-15
3.6 -3.141592653589793 4.320553907391882E-15
3.62 -3.141592653589793 4.34455698465517E-15
3.64 -3.141592653589793 4.3685600619184586E-15
3.66 -3.141592653589793 4.392563139181747E-15
3.68 -3.141592653589793 4.416566216445035E-15
3.7 -3.141592653589793 4.4405692937083235E-15
3.72 -3.141592653589793 4.464572370971612E-15
3.74 -3.141592653589793 4.4885754482349E-15
3.76 -3.141592653589793 4.5125785254981885E-15
3.78 -3.141592653589793 4.536581602761477E-15
3.8 -3.141592653589793 4.560584680024765E-15
3.82 -3.141592653589793 4.5845877572880534E-15
3.84 -3.141592653589793 4.608590834551342E-15
3.86 -3.141592653589793 4.63259391181463E-15
3.88 -3.141592653589793 4.656596989077918E-15
3.9 -3.141592653589793 4.680600066341207E-15
3.92 -3.141592653589793 4.704603143604495E-15
3.94 -3.141592653589793 4.728606220867783E-15
3.96 -3.141592653589793 4.752609298131072E-15
3.98 -3.141592653589793 4.77661237539436E-15
4.0 -3.141592653589793 4.800615452657648E-15
4.02 -3.141592653589793 4.8246185299209366E-15
4.04 -3.141592653589793 4.848621607184225E-15
4.06 -3.141592653589793 4.872624684447513E-15
4.08 -3.141592653589793 4.8966277617108015E-15
4.1 -3.141592653589793 4.92063083897409E-15
4.12 -3.141592653589793 4.944633916237378E-15
4.14 -3.141592653589793 4.9686369935006665E-15
4.16 -3.141592653589793 4.992640070763955E-15
4.18 -3.141592653589793 5.016643148027243E-15
4.2 -3.141592653589793 5.0406462252905314E-15
4.22 -3.141592653589793 5.06464930255382E-15
4.24 -3.141592653589793 5.088652379817108E-15
4.26 -3.141592653589793 5.112655457080396E-15
4.28 -3.141592653589793 5.136658534343685E-15
4.3 -3.141592653589793 5.160661611606973E-15
4.32 -3.141592653589793 5.184664688870261E-15
4.34 -3.141592653589793 5.20866776613355E-15
4.36 -3.141592653589793 5.232670843396838E-15
4.38 -3.141592653589793 5.256673920660126E-15
4.4 -3.141592653589793 5.2806769979234146E-15
4.42 -3.141592653589793 5.304680075186703E-15
4.44 -3.141592653589793 5.328683152449991E-15
4.46 -3.141592653589793 5.3526862297132795E-15
4.48 -3.141592653589793 5.376689306976568E-15
4.5 -3.141592653589793 5.400692384239856E-15
4.52 -3.141592653589793 5.4246954615031445E-15
4.54 -3.141592653589793 5.448698538766433E-15
4.56 -3.141592653589793 5.472701616029721E-15
4.58 -3.141592653589793 5.4967046932930094E-15
4.6 -3.141592653589793 5.520707770556298E-15
4.62 -3.141592653589793 5.544710847819586E-15
4.64 -3.141592653589793 5.568713925082874E-15
4.66 -3.141592653589793 5.592717002346163E-15
4.68 -3.141592653589793 5.616720079609451E-15
4.7 -3.141592653589793 5.640723156872739E-15
4.72 -3.141592653589793 5.664726234136028E-15
4.74 -3.141592653589793 5.688729311399316E-15
4.76 -3.141592653589793 5.712732388662604E-15
4.78 -3.141592653589793 5.7367354659258926E-15
4.8 -3.141592653589793 5.760738543189181E-15
4.82 -3.141592653589793 5.784741620452469E-15
4.84 -3.141592653589793 5.8087446977157575E-15
4.86 -3.141592653589793 5.832747774979046E-15
4.88 -3.141592653589793 5.856750852242334E-15
4.9 -3.141592653589793 5.8807539295056225E-15
4.92 -3.141592653589793 5.904757006768911E-15
4.94 -3.141592653589793 5.928760084032199E-15
4.96 -3.141592653589793 5.9527631612954874E-15
4.98 -3.141592653589793 5.976766238558776E-15
5.0 -3.141592653589793 6.000769315822064E-15
5.02 -3.141592653589793 6.024772393085352E-15
5.04 -3.141592653589793 6.048775470348641E-15
5.06 -3.141592653589793 6.072778547611929E-15
5.08 -3.141592653589793 6.096781624875217E-15
5.1 -3.141592653589793 6.120784702138506E-15
5.12 -3.141592653589793 6.144787779401794E-15
5.14 -3.141592653589793 6.168790856665082E-15
5.16 -3.141592653589793 6.1927939339283706E-15
5.18 -3.141592653589793 6.216797011191659E-15
5.2 -3.141592653589793 6.240800088454947E-15
5.22 -3.141592653589793 6.2648031657182355E-15
5.24 -3.141592653589793 6.288806242981524E-15
5.26 -3.141592653589793 6.312809320244812E-15
5.28 -3.141592653589793 6.3368123975081005E-15
5.3 -3.141592653589793 6.360815474771389E-15
5.32 -3.141592653589793 6.384818552034677E-15
5.34 -3.141592653589793 6.4088216292979654E-15
5.36 -3.141592653589793 6.432824706561254E-15
5.38 -3.141592653589793 6.456827783824542E-15
5.4 -3.141592653589793 6.48083086108783E-15
5.42 -3.141592653589793 6.504833938351119E-15
5.44 -3.141592653589793 6.528837015614407E-15
5.46 -3.141592653589793 6.552840092877695E-15
5.48 -3.141592653589793 6.576843170140984E-15
5.5 -3.141592653589793 6.600846247404272E-15
5.52 -3.141592653589793 6.62484932466756E-15
5.54 -3.141592653589793 6.648852401930849E-15
5.56 -3.141592653589793 6.672855479194137E-15
5.58 -3.141592653589793 6.696858556457425E-15
5.6 -3.141592653589793 6.7208616337207136E-15
5.62 -3.141592653589793 6.744864710984002E-15
5.64 -3.141592653589793 6.76886778824729E-15
5.66 -3.141592653589793 6.7928708655105785E-15
5.68 -3.141592653589793 6.816873942773867E-15
5.7 -3.141592653589793 6.840877020037155E-15
5.72 -3.141592653589793 6.8648800973004435E-15
5.74 -3.141592653589793 6.888883174563732E-15
5.76 -3.141592653589793 6.91288625182702E-15
5.78 -3.141592653589793 6.9368893290903084E-15
5.8 -3.141592653589793 6.960892406353597E-15
5.82 -3.141592653589793 6.984895483616885E-15
5.84 -3.141592653589793 7.008898560880173E-15
5.86 -3.141592653589793 7.032901638143462E-15
5.88 -3.141592653589793 7.05690471540675E-15
5.9 -3.141592653589793 7.080907792670038E-15
5.92 -3.141592653589793 7.104910869933327E-15
5.94 -3.141592653589793 7.128913947196614E-15
5.96 -3.141592653589793 7.152917024459902E-15
5.98 -3.141592653589793 7.17692010172319E-15
6.0 -3.141592653589793 7.200923178986479E-15
6.02 -3.141592653589793 7.224926256249767E-15
6.04 -3.141592653589793 7.248929333513055E-15
6.06 -3.141592653589793 7.272932410776344E-15
6.08 -3.141592653589793 7.296935488039632E-15
6.1 -3.141592653589793 7.32093856530292E-15
6.12 -3.141592653589793 7.344941642566209E-15
6.140000000000001 -3.141592653589793 7.368944719829497E-15
6.16 -3.141592653589793 7.392947797092785E-15
6.18 -3.141592653589793 7.416950874356074E-15
6.2 -3.141592653589793 7.440953951619362E-15
6.22 -3.141592653589793 7.46495702888265E-15
6.24 -3.141592653589793 7.488960106145939E-15
6.26 -3.141592653589793 7.512963183409227E-15
6.28 -3.141592653589793 7.536966260672515E-15
6.3 -3.141592653589793 7.560969337935804E-15
6.32 -3.141592653589793 7.584972415199092E-15
6.34 -3.141592653589793 7.60897549246238E-15
6.36 -3.141592653589793 7.632978569725668E-15
6.38 -3.141592653589793 7.656981646988957E-15
6.4 -3.141592653589793 7.680984724252245E-15
6.42 -3.141592653589793 7.704987801515533E-15
6.44 -3.141592653589793 7.728990878778822E-15
6.46 -3.141592653589793 7.75299395604211E-15
6.48 -3.141592653589793 7.776997033305398E-15
6.5 -3.141592653589793 7.801000110568687E-15
6.52 -3.141592653589793 7.825003187831975E-15
6.54 -3.141592653589793 7.849006265095263E-15
6.56 -3.141592653589793 7.873009342358552E-15
6.58 -3.141592653589793 7.89701241962184E-15
6.6 -3.141592653589793 7.921015496885128E-15
6.62 -3.141592653589793 7.945018574148417E-15
6.640000000000001 -3.141592653589793 7.969021651411705E-15
6.66 -3.141592653589793 7.993024728674993E-15
6.68 -3.141592653589793 8.017027805938282E-15
6.7 -3.141592653589793 8.04103088320157E-15
6.72 -3.141592653589793 8.065033960464858E-15
6.74 -3.141592653589793 8.089037037728147E-15
6.76 -3.141592653589793 8.113040114991435E-15
6.78 -3.141592653589793 8.137043192254723E-15
6.8 -3.141592653589793 8.161046269518011E-15
6.82 -3.141592653589793 8.1850493467813E-15
6.84 -3.141592653589793 8.209052424044588E-15
6.86 -3.141592653589793 8.233055501307876E-15
6.88 -3.141592653589793 8.257058578571165E-15
6.9 -3.141592653589793 8.281061655834453E-15
6.92 -3.141592653589793 8.305064733097741E-15
6.94 -3.141592653589793 8.32906781036103E-15
6.96 -3.141592653589793 8.353070887624318E-15
6.98 -3.141592653589793 8.377073964887606E-15
7.0 -3.141592653589793 8.401077042150895E-15
7.02 -3.141592653589793 8.425080119414183E-15
7.04 -3.141592653589793 8.449083196677471E-15
7.06 -3.141592653589793 8.47308627394076E-15
7.08 -3.141592653589793 8.497089351204048E-15
7.1 -3.141592653589793 8.521092428467336E-15
7.12 -3.141592653589793 8.545095505730625E-15
7.140000000000001 -3.141592653589793 8.569098582993913E-15
7.16 -3.141592653589793 8.593101660257201E-15
7.18 -3.141592653589793 8.61710473752049E-15
7.2 -3.141592653589793 8.641107814783778E-15
7.22 -3.141592653589793 8.665110892047066E-15
7.24 -3.141592653589793 8.689113969310354E-15
7.26 -3.141592653589793 8.713117046573643E-15
7.28 -3.141592653589793 8.737120123836931E-15
7.3 -3.141592653589793 8.76112320110022E-15
7.32 -3.141592653589793 8.785126278363508E-15
7.34 -3.141592653589793 8.809129355626796E-15
7.36 -3.141592653589793 8.833132432890084E-15
7.38 -3.141592653589793 8.857135510153373E-15
7.4 -3.141592653589793 8.881138587416661E-15
7.42 -3.141592653589793 8.90514166467995E-15
7.44 -3.141592653589793 8.929144741943238E-15
7.46 -3.141592653589793 8.953147819206526E-15
7.48 -3.141592653589793 8.977150896469814E-15
7.5 -3.141592653589793 9.001153973733103E-15
7.52 -3.141592653589793 9.025157050996391E-15
7.54 -3.141592653589793 9.04916012825968E-15
7.56 -3.141592653589793 9.073163205522967E-15
7.58 -3.141592653589793 9.097166282786256E-15
7.6 -3.141592653589793 9.121169360049544E-15
7.62 -3.141592653589793 9.145172437312832E-15
7.640000000000001 -3.141592653589793 9.169175514576121E-15
7.66 -3.141592653589793 9.19317859183941E-15
7.68 -3.141592653589793 9.217181669102697E-15
7.7 -3.141592653589793 9.241184746365986E-15
7.72 -3.141592653589793 9.265187823629274E-15
7.74 -3.141592653589793 9.289190900892562E-15
7.76 -3.141592653589793 9.313193978155851E-15
7.78 -3.141592653589793 9.33719705541914E-15
7.8 -3.141592653589793 9.361200132682427E-15
7.82 -3.141592653589793 9.385203209945716E-15
7.84 -3.141592653589793 9.409206287209004E-15
7.86 -3.141592653589793 9.433209364472292E-15
7.88 -3.141592653589793 9.457212441735581E-15
7.9 -3.141592653589793 9.481215518998869E-15
7.92 -3.141592653589793 9.505218596262157E-15
7.94 -3.141592653589793 9.529221673525445E-15
7.96 -3.141592653589793 9.553224750788734E-15
7.98 -3.141592653589793 9.577227828052022E-15
8.0 -3.141592653589793 9.60123090531531E-15
8.02 -3.141592653589793 9.625233982578599E-15
8.040000000000001 -3.141592653589793 9.649237059841887E-15
8.06 -3.141592653589793 9.673240137105175E-15
8.08 -3.141592653589793 9.697243214368464E-15
8.1 -3.141592653589793 9.721246291631752E-15
8.120000000000001 -3.141592653589793 9.74524936889504E-15
8.14 -3.141592653589793 9.769252446158329E-15
8.16 -3.141592653589793 9.793255523421617E-15
8.18 -3.141592653589793 9.817258600684905E-15
8.2 -3.141592653589793 9.841261677948194E-15
8.22 -3.141592653589793 9.865264755211482E-15
8.24 -3.141592653589793 9.88926783247477E-15
8.26 -3.141592653589793 9.913270909738059E-15
8.28 -3.141592653589793 9.937273987001347E-15
8.3 -3.141592653589793 9.961277064264635E-15
8.32 -3.141592653589793 9.985280141527923E-15
8.34 -3.141592653589793 1.0009283218791212E-14
8.36 -3.141592653589793 1.00332862960545E-14
8.38 -3.141592653589793 1.0057289373317789E-14
8.4 -3.141592653589793 1.0081292450581077E-14
8.42 -3.141592653589793 1.0105295527844365E-14
8.44 -3.141592653589793 1.0129298605107654E-14
8.46 -3.141592653589793 1.0153301682370942E-14
8.48 -3.141592653589793 1.017730475963423E-14
8.5 -3.141592653589793 1.0201307836897519E-14
8.52 -3.141592653589793 1.0225310914160807E-14
8.540000000000001 -3.141592653589793 1.0249313991424095E-14
8.56 -3.141592653589793 1.0273317068687384E-14
8.58 -3.141592653589793 1.0297320145950672E-14
8.6 -3.141592653589793 1.032132322321396E-14
8.620000000000001 -3.141592653589793 1.0345326300477249E-14
8.64 -3.141592653589793 1.0369329377740537E-14
8.66 -3.141592653589793 1.0393332455003825E-14
8.68 -3.141592653589793 1.0417335532267113E-14
8.700000000000001 -3.141592653589793 1.0441338609530402E-14
8.72 -3.141592653589793 1.046534168679369E-14
8.74 -3.141592653589793 1.0489344764056978E-14
8.76 -3.141592653589793 1.0513347841320267E-14
8.78 -3.141592653589793 1.0537350918583555E-14
8.8 -3.141592653589793 1.0561353995846843E-14
8.82 -3.141592653589793 1.0585357073110132E-14
8.84 -3.141592653589793 1.060936015037342E-14
8.86 -3.141592653589793 1.0633363227636708E-14
8.88 -3.141592653589793 1.0657366304899997E-14
8.9 -3.141592653589793 1.0681369382163285E-14
8.92 -3.141592653589793 1.0705372459426573E-14
8.94 -3.141592653589793 1.0729375536689862E-14
8.96 -3.141592653589793 1.075337861395315E-14
8.98 -3.141592653589793 1.0777381691216438E-14
9.0 -3.141592653589793 1.0801384768479727E-14
9.02 -3.141592653589793 1.0825387845743015E-14
9.040000000000001 -3.141592653589793 1.0849390923006303E-14
9.06 -3.141592653589793 1.0873394000269591E-14
9.08 -3.141592653589793 1.089739707753288E-14
9.1 -3.141592653589793 1.0921400154796168E-14
9.120000000000001 -3.141592653589793 1.0945403232059456E-14
9.14 -3.141592653589793 1.0969406309322745E-14
9.16 -3.141592653589793 1.0993409386586033E-14
9.18 -3.141592653589793 1.1017412463849321E-14
9.200000000000001 -3.141592653589793 1.104141554111261E-14
9.22 -3.141592653589793 1.1065418618375898E-14
9.24 -3.141592653589793 1.1089421695639186E-14
9.26 -3.141592653589793 1.1113424772902475E-14
9.28 -3.141592653589792 1.1151934764354199E-14
9.3 -3.141592653589792 1.1277486240936534E-14
9.32 -3.141592653589792 1.1490079202649483E-14
9.34 -3.141592653589791 1.1789713649493042E-14
9.36 -3.141592653589791 1.2176389581467215E-14
9.38 -3.14159265358979 1.2650106998571999E-14
9.4 -3.14159265358979 1.3210865900807396E-14
9.42 -3.141592653589789 1.3858666288173406E-14
9.44 -3.141592653589789 1.4593508160670027E-14
9.46 -3.141592653589788 1.541539151829726E-14
9.48 -3.141592653589788 1.6324316361055107E-14
9.5 -3.141592653589788 1.7320282688943564E-14
9.52 -3.141592653589787 1.8403290501962635E-14
9.540000000000001 -3.141592653589787 1.9573339800112318E-14
9.56 -3.141592653589786 2.0830430583392613E-14
9.58 -3.141592653589786 2.217456285180352E-14
9.6 -3.141592653589785 2.3634750433721913E-14
9.620000000000001 -3.141592653589785 2.5210993329147787E-14
9.64 -3.141592653589784 2.6874277709704273E-14
9.66 -3.141592653589784 2.862460357539137E-14
9.68 -3.141592653589784 3.046197092620908E-14
9.700000000000001 -3.141592653589783 3.2386379762157405E-14
9.72 -3.141592653589782 3.441233699742478E-14
9.74 -3.141592653589781 3.661237720295337E-14
9.76 -3.14159265358978 3.898650037874319E-14
9.78 -3.14159265358978 4.1534706524794235E-14
9.8 -3.141592653589779 4.4256995641106504E-14
9.82 -3.141592653589778 4.7153367727679996E-14
9.84 -3.141592653589777 5.0223822784514716E-14
9.86 -3.141592653589776 5.346836081161066E-14
9.88 -3.141592653589775 5.688698180896782E-14
9.9 -3.141592653589774 6.049419269077465E-14
9.92 -3.141592653589772 6.436252802797331E-14
9.94 -3.141592653589771 6.849198782056382E-14
9.96 -3.14159265358977 7.29405997252999E-14
9.98 -3.141592653589768 7.765033608542781E-14
10.0 -3.141592653589767 8.263570381513599E-14
10.02 -3.141592653589765 8.796923748536663E-14
10.04 -3.141592653589763 9.365093709611972E-14
10.06 -3.141592653589761 9.968080264739525E-14
10.08 -3.141592653589759 1.0607334105338167E-13
10.1 -3.141592653589757 1.1290108688502115E-13
10.12 -3.141592653589755 1.2022206779906743E-13
10.14 -3.141592653589752 1.2799276305295522E-13
10.16 -3.141592653589749 1.3628570721762667E-13
10.18 -3.141592653589747 1.451009002930818E-13
10.2 -3.141592653589744 1.5445284919350904E-13
10.22 -3.14159265358974 1.6444310231822744E-13
10.24 -3.141592653589737 1.7508616658142543E-13
10.26 -3.141592653589733 1.8642556272566832E-13
10.28 -3.141592653589729 1.9847579766514454E-13
10.3 -3.141592653589725 2.1133841979917315E-13
10.32 -3.141592653589721 2.2502793604194255E-13
10.34 -3.141592653589716 2.395878671360181E-13
10.36 -3.141592653589712 2.5506173382396505E-13
10.38 -3.141592653589706 2.7153657759091407E-13
10.4 -3.1415926535897 2.8907042609361884E-13
10.42 -3.141592653589695 3.077938415597753E-13
10.44 -3.141592653589688 3.2766330324681823E-13
10.46 -3.141592653589682 3.48794866468255E-13
10.48 -3.141592653589675 3.7127557270921627E-13
10.5 -3.141592653589667 3.951924634548326E-13
10.52 -3.141592653589659 4.206325801902347E-13
10.54 -3.14159265358965 4.476974713147415E-13
10.56 -3.141592653589641 4.765467128844259E-13
10.58 -3.141592653589631 5.072963602127953E-13
10.6 -3.141592653589621 5.400189478707919E-13
10.62 -3.141592653589609 5.749030657428654E-13
10.64 -3.141592653589597 6.12021248399958E-13
10.66 -3.141592653589585 6.515620857265193E-13
10.68 -3.141592653589572 6.936271261218684E-13
10.7 -3.141592653589557 7.383904525562664E-13
10.72 -3.141592653589542 7.860261479999745E-13
10.74 -3.141592653589526 8.367228023374427E-13
10.76 -3.141592653589509 8.90727033109874E-13
10.78 -3.14159265358949 9.482419371159065E-13
10.8 -3.141592653589471 1.0094270904116134E-12
10.82 -3.14159265358945 1.074572631280763E-12
10.84 -3.141592653589428 1.1439396841787474E-12
10.86 -3.141592653589404 1.2178183873893351E-12
10.88 -3.141592653589379 1.2964263446253528E-12
10.9 -3.141592653589352 1.3801552425698882E-12
10.92 -3.141592653589324 1.4692807125925216E-12
10.94 -3.141592653589294 1.5641509206337755E-12
10.96 -3.141592653589261 1.6651285395483607E-12
10.98 -3.141592653589227 1.7726632836761186E-12
11.0 -3.141592653589191 1.88711782587176E-12
11.02 -3.141592653589152 2.0089418804751266E-12
11.04 -3.14159265358911 2.1386722033111905E-12
11.06 -3.141592653589066 2.2767585087197935E-12
11.08 -3.141592653589019 2.4237375525259072E-12
11.1 -3.141592653588969 2.5802476389538227E-12
11.12 -3.141592653588916 2.746898058399455E-12
11.14 -3.141592653588859 2.924341622001283E-12
11.16 -3.141592653588799 3.1132746616403517E-12
11.18 -3.141592653588734 3.3144080161118945E-12
11.2 -3.141592653588666 3.528583086438841E-12
11.22 -3.141592653588593 3.756568739073178E-12
11.24 -3.141592653588515 3.999307923437153E-12
11.26 -3.141592653588433 4.2577580958672045E-12
11.28 -3.141592653588345 4.532920233442333E-12
11.3 -3.141592653588251 4.825853340898295E-12
11.32 -3.141592653588151 5.137746985198542E-12
11.34 -3.141592653588045 5.469761719478149E-12
11.36 -3.141592653587933 5.823232179842452E-12
11.38 -3.141592653587812 6.199522016225164E-12
11.4 -3.141592653587684 6.600168961530259E-12
11.42 -3.141592653587548 7.0266817348333336E-12
11.44 -3.141592653587403 7.480757645094435E-12
11.46 -3.141592653587248 7.964210056587118E-12
11.48 -3.141592653587084 8.478910361241692E-12
11.5 -3.141592653586909 9.026860513216159E-12
11.52 -3.141592653586722 9.61020753581041E-12
11.54 -3.141592653586524 1.0231258028380403E-11
11.56 -3.141592653586313 1.0892478166338174E-11
11.58 -3.141592653586088 1.1596435673495076E-11
11.6 -3.141592653585848 1.2345843342804345E-11
11.62 -3.141592653585594 1.31436895985888E-11
11.64 -3.141592653585322 1.3993078920484768E-11
11.66 -3.141592653585034 1.4897362405669775E-11
11.68 -3.141592653584726 1.5860021713549044E-11
11.7 -3.141592653584399 1.6884828641811572E-11
11.72 -3.14159265358405 1.7975845126430118E-11
11.74 -3.14159265358368 1.913737972091865E-11
11.76 -3.141592653583285 2.037391506176139E-11
11.78 -3.141592653582864 2.169031096521147E-11
11.8 -3.141592653582417 2.3091760906548343E-11
11.82 -3.14159265358194 2.4583763006249432E-11
11.84 -3.141592653581432 2.6172163550732674E-11
11.86 -3.141592653580892 2.7863215020013285E-11
11.88 -3.141592653580317 2.9663474539304434E-11
11.9 -3.141592653579705 3.1580079510386836E-11
11.92 -3.141592653579053 3.362053000789591E-11
11.94 -3.141592653578359 3.579286286229205E-11
11.96 -3.14159265357762 3.810557912528968E-11
11.98 -3.141592653576833 4.056777463208495E-11
12.0 -3.141592653575996 4.3189052959870603E-11
12.02 -3.141592653575105 4.5979655990063675E-11
12.04 -3.141592653574156 4.895052193596224E-11
12.06 -3.141592653573146 5.2113343370402185E-11
12.08 -3.14159265357207 5.548049469118624E-11
12.1 -3.141592653570925 5.906519169714007E-11
12.12 -3.141592653569706 6.288149158811228E-11
12.14 -3.141592653568409 6.694433648571694E-11
12.16 -3.141592653567027 7.126965498173296E-11
12.18 -3.141592653565556 7.587442016576081E-11
12.2 -3.14159265356399 8.077669314596511E-11
12.22 -3.141592653562323 8.599568107673131E-11
12.24 -3.141592653560548 9.155185321397932E-11
12.26 -3.141592653558659 9.74670714773911E-11
12.28 -3.141592653556647 1.0376447439509722E-10
12.3 -3.141592653554505 1.1046881076270314E-10
12.32 -3.141592653552225 1.1760635260180412E-10
12.34 -3.141592653549798 1.2520504022912707E-10
12.36 -3.141592653547214 1.3329471436715764E-10
12.38 -3.141592653544462 1.4190707262339753E-10
12.4 -3.141592653541534 1.5107585808024904E-10
12.42 -3.141592653538416 1.608370623918137E-10
12.44 -3.141592653535096 1.712289257838922E-10
12.46 -3.141592653531562 1.8229221268535404E-10
12.48 -3.1415926535278 1.9407032778345106E-10
12.5 -3.141592653523794 2.0660943207913082E-10
12.52 -3.14159265351953 2.199587330253205E-10
12.54 -3.14159265351499 2.3417054255458365E-10
12.56 -3.141592653510157 2.4930062524506053E-10
12.58 -3.141592653505012 2.654082563481251E-10
12.6 -3.141592653499534 2.8255659896815387E-10
12.62 -3.141592653493702 3.0081293617315274E-10
12.64 -3.141592653487494 3.202488450777275E-10
12.66 -3.141592653480884 3.4094045796753906E-10
12.68 -3.141592653473847 3.629690280689568E-10
12.7 -3.141592653466356 3.8642084250757354E-10
12.72 -3.141592653458381 4.113879186400866E-10
12.74 -3.14159265344989 4.3796816363035365E-10
12.76 -3.14159265344085 4.662658241637328E-10
12.78 -3.141592653431227 4.963918491199373E-10
12.8 -3.141592653420982 5.284643828081175E-10
12.82 -3.141592653410074 5.626091276397165E-10
12.84 -3.141592653398462 5.989600549672643E-10
12.86 -3.1415926533861 6.376597097295767E-10
12.88 -3.141592653372939 6.788597907283218E-10
12.9 -3.141592653358928 7.227219049875592E-10
12.92 -3.141592653344011 7.694180464819066E-10
12.94 -3.141592653328131 8.191312924684222E-10
12.96 -3.141592653311225 8.72056557846142E-10
12.98 -3.141592653293226 9.284014365571023E-10
13.0 -3.141592653274065 9.883867818629077E-10
13.02 -3.141592653253665 1.0522478378840383E-9
13.04 -3.141592653231947 1.1202350810008714E-9
13.06 -3.141592653208826 1.1926150612547053E-9
13.08 -3.141592653184211 1.2696716499423791E-9
13.1 -3.141592653158006 1.3517069825656957E-9
13.12 -3.141592653130107 1.439042793467526E-9
13.14 -3.141592653100406 1.532021503850374E-9
13.16 -3.141592653068786 1.6310077450023659E-9
13.18 -3.141592653035123 1.7363896494126132E-9
13.2 -3.141592652999285 1.8485803885041168E-9
13.22 -3.141592652961132 1.968019898956555E-9
13.24 -3.141592652920513 2.0951765800152444E-9
13.26 -3.14159265287727 2.2305490198139275E-9
13.28 -3.141592652831233 2.374668069863501E-9
13.3 -3.141592652782221 2.528098847006176E-9
13.32 -3.141592652730043 2.6914429674802608E-9
13.34 -3.141592652674493 2.8653409550679175E-9
13.36 -3.141592652615355 3.0504747943120588E-9
13.38 -3.141592652552395 3.2475704111986734E-9
13.4 -3.141592652485367 3.4574006325673223E-9
13.42 -3.141592652414008 3.6807882760838596E-9
13.44 -3.141592652338039 3.918609312747725E-9
13.46 -3.141592652257162 4.1717962760167796E-9
13.48 -3.141592652171059 4.4413420045911664E-9
13.5 -3.141592652079392 4.728303443224826E-9
13.52 -3.141592651981803 5.033805922265183E-9
13.54 -3.141592651877908 5.359047335644435E-9
13.56 -3.141592651767301 5.705303087737285E-9
13.58 -3.141592651649547 6.0739309531772006E-9
13.6 -3.141592651524185 6.4663763863870025E-9
13.62 -3.141592651390723 6.884178266316886E-9
13.64 -3.141592651248638 7.328974974841465E-9
13.66 -3.141592651097373 7.802510620225957E-9
13.68 -3.141592650936334 8.306642058472656E-9
13.7 -3.14159265076489 8.843346146778018E-9
13.72 -3.141592650582369 9.41472740318336E-9
13.74 -3.141592650388055 1.0023026449598913E-8
13.76 -3.141592650181187 1.0670628556376284E-8
13.78 -3.141592649960952 1.1360073144337244E-8
13.8 -3.141592649726487 1.2094063751023777E-8
13.82 -3.141592649476873 1.2875478606238527E-8
13.84 -3.141592649211131 1.3707381758847974E-8
13.86 -3.141592648928219 1.459303536413876E-8
13.88 -3.141592648627028 1.553591239187451E-8
13.9 -3.141592648306377 1.6539710074205286E-8
13.92 -3.141592647965008 1.7608364586664752E-8
13.94 -3.141592647601582 1.8746066440006123E-8
13.96 -3.141592647214675 1.9957276873015196E-8
13.98 -3.141592646802769 2.124674536235578E-8
14.0 -3.14159264636425 2.261952830747517E-8
14.02 -3.141592645897397 2.4081008730993607E-8
14.04 -3.141592645400381 2.563691751682667E-8
14.06 -3.141592644871251 2.7293355794353836E-8
14.08 -3.141592644307933 2.9056818918347674E-8
14.1 -3.141592643708219 3.093422197212895E-8
14.12 -3.141592643069756 3.293292679394779E-8
14.14 -3.141592642390041 3.5060770889263626E-8
14.16 -3.141592641666408 3.7326098083854916E-8
14.18 -3.141592640896021 3.973779135296592E-8
14.2 -3.141592640075858 4.230530766691459E-8
14.22 -3.141592639202703 4.503871492569611E-8
14.24 -3.141592638273132 4.794873159187242E-8
14.26 -3.141592637283501 5.1046768615554274E-8
14.28 -3.141592636229928 5.434497426076603E-8
14.3 -3.141592635108282 5.78562817751657E-8
14.32 -3.141592633914165 6.159445993213399E-8
14.34 -3.141592632642894 6.557416718508494E-8
14.36 -3.141592631289485 6.981100907132541E-8
14.38 -3.141592629848629 7.432159941672596E-8
14.4 -3.141592628314678 7.91236256023279E-8
14.42 -3.141592626681616 8.423591768978929E-8
14.44 -3.14159262494304 8.967852231960588E-8
14.46 -3.141592623092132 9.547278155618969E-8
14.48 -3.141592621121634 1.0164141630262563E-7
14.5 -3.141592619023819 1.0820861546016606E-7
14.52 -3.141592616790461 1.1520013084697035E-7
14.54 -3.141592614412803 1.2264337815172072E-7
14.56 -3.141592611881521 1.3056754442985638E-7
14.58 -3.141592609186689 1.39003702635661E-7
14.6 -3.14159260631774 1.4798493323372443E-7
14.62 -3.141592603263424 1.5754645419540066E-7
14.64 -3.141592600011765 1.6772575890153417E-7
14.66 -3.141592596550011 1.7856276315552824E-7
14.68 -3.141592592864588 1.900999619740736E-7
14.7 -3.141592588941044 2.0238259596694717E-7
14.72 -3.141592584763994 2.1545882874206567E-7
14.74 -3.14159258031706 2.2937993590156372E-7
14.76 -3.141592575582803 2.442005059190346E-7
14.78 -3.141592570542658 2.599786544501735E-7
14.8 -3.141592565176862 2.767762520042889E-7
14.82 -3.141592559464375 2.946591667030044E-7
14.84 -3.141592553382795 3.136975223872762E-7
14.86 -3.141592546908276 3.339659737990482E-7
14.88 -3.141592540015429 3.555439992002181E-7
14.9 -3.141592532677224 3.7851621205368887E-7
14.92 -3.141592524864888 4.029726928690306E-7
14.94 -3.141592516547786 4.2900934231527884E-7
14.96 -3.141592507693303 4.567282574142335E-7
14.98 -3.14159249826672 4.862381317281933E-7
15.0 -3.141592488231071 5.17654681776192E-7
15.02 -3.141592477547004 5.511011006216834E-7
15.04 -3.141592466172625 5.867085410398264E-7
15.06 -3.14159245406333 6.246166297730854E-7
15.08 -3.141592441171636 6.649740150656923E-7
15.1 -3.141592427446991 7.079389495079387E-7
15.12 -3.141592412835577 7.536799106419641E-7
15.14 -3.141592397280098 8.023762615195868E-7
15.16 -3.141592380719558 8.542189541425732E-7
15.18 -3.141592363089017 9.094112783095474E-7
15.2 -3.14159234431934 9.68169658437268E-7
15.22 -3.141592324336928 1.0307245026503145E-6
15.24 -3.141592303063424 1.097321106010579E-6
15.26 -3.141592280415407 1.168220612456239E-6
15.28 -3.141592256304069 1.2437010386562403E-6
15.3 -3.141592230634863 1.3240583645675706E-6
15.32 -3.141592203307132 1.4096076937562847E-6
15.34 -3.141592174213717 1.5006844890239194E-6
15.36 -3.141592143240534 1.5976458880395426E-6
15.38 -3.141592110266129 1.7008721034745752E-6
15.4 -3.1415920751612 1.810767914270049E-6
15.42 -3.141592037788091 1.927764252649499E-6
15.44 -3.141591998000251 2.052319893971368E-6
15.46 -3.141591955641661 2.184923255731437E-6
15.48 -3.141591910546221 2.326094312751128E-6
15.5 -3.141591862537099 2.4763866362548556E-6
15.52 -3.141591811426039 2.636389564510584E-6
15.54 -3.141591757012618 2.8067305137812564E-6
15.56 -3.141591699083468 2.9880774386104002E-6
15.58 -3.141591637411431 3.1811414510019626E-6
15.6 -3.141591571754675 3.3866796089103426E-6
15.62 -3.141591501855741 3.6054978849643233E-6
15.64 -3.141591427440536 3.838454326856357E-6
15.66 -3.141591348217256 4.086462421902158E-6
15.68 -3.141591263875245 4.350494679276544E-6
15.7 -3.141591174083775 4.631586443315406E-6
15.72 -3.141591078490747 4.930839953449728E-6
15.74 -3.141590976721316 5.249428666410105E-6
15.76 -3.141590868376414 5.5886018576603516E-6
15.78 -3.141590753031192 5.949689520237348E-6
15.8 -3.141590630233347 6.334107579798107E-6
15.82 -3.141590499501355 6.743363447141175E-6
15.84 -3.141590360322581 7.1790619290198035E-6
15.86 -3.141590212151264 7.642911521009218E-6
15.88 -3.141590054406383 8.136731107162257E-6
15.9 -3.141589886469378 8.662457092188666E-6
15.92 -3.141589707681719 9.222150994751164E-6
15.94 -3.14158951734233 9.818007531196754E-6
15.96 -3.141589314704838 1.0452363221740043E-5
15.98 -3.141589098974644 1.1127705552464476E-5
16.0 -3.141588869305809 1.1846682729568334E-5
16.02 -3.141588624797739 1.2612114063747575E-5
16.04 -3.141588364491647 1.3427001025334848E-5
16.06 -3.141588087366802 1.4294539014078132E-5
16.08 -3.141587792336519 1.5218129889183211E-5
16.1 -3.141587478243902 1.6201395308754934E-5
16.12 -3.141587143857307 1.7248190931601975E-5
16.14 -3.141586787865508 1.8362621536212232E-5
16.16 -3.141586408872564 1.9549057116754393E-5
16.18 -3.141586005392337 2.081215001902214E-5
16.2 -3.141585575842667 2.2156853183633107E-5
16.22 -3.141585118539171 2.3588439567943593E-5
16.24 -3.141584631688634 2.5112522822579273E-5
16.26 -3.141584113381978 2.6735079304342817E-5
16.28 -3.141583561586778 2.8462471511132777E-5
16.3 -3.141582974139291 3.0301473030992597E-5
16.32 -3.141582348735971 3.2259295103342035E-5
16.34 -3.141581682924436 3.434361489624595E-5
16.36 -3.141580974093854 3.6562605610654825E-5
16.38 -3.1415802194647 3.892496852992098E-5
16.4 -3.141579416077863 4.14399671399736E-5
16.42 -3.141578560783039 4.411746345389198E-5
16.44 -3.141577650226378 4.6967956683711905E-5
16.46 -3.141576680837331 5.0002624410815906E-5
16.48 -3.141575648814653 5.32333664163113E-5
16.5 -3.141574550111496 5.66728513433754E-5
16.52 -3.141573380419535 6.0334566374587226E-5
16.54 -3.141572135152082 6.423287011891393E-5
16.56 -3.141570809426095 6.838304891588786E-5
16.58 -3.141569398043031 7.280137677755182E-5
16.6 -3.141567895468463 7.750517920347482E-5
16.62 -3.141566295810375 8.251290111880677E-5
16.64 -3.14156459279606 8.78441792021253E-5
16.66 -3.141562779747524 9.351991888607568E-5
16.68 -3.141560849555294 9.95623763336789E-5
16.7 -3.141558794650548 1.0599524571104159E-4
16.72 -3.14155660697543 1.1284375209846798E-4
16.74 -3.141554277951452 1.2013475040534505E-4
16.76 -3.141551798445862 1.2789683067554081E-4
16.78 -3.141549158735823 1.3616043019715418E-4
16.8 -3.141546348470294 1.4495795285552314E-4
16.82 -3.141543356629438 1.5432389619806446E-4
16.84 -3.141540171481409 1.64294986708474E-4
16.86 -3.141536780536352 1.7491032382195142E-4
16.88 -3.141533170497423 1.862115332447087E-4
16.9 -3.141529327208648 1.982429301801481E-4
16.92 -3.141525235599418 2.1105169310107187E-4
16.94 -3.141520879625387 2.246880487498648E-4
16.96 -3.141516242205564 2.392054690913858E-4
16.98 -3.141511305155327 2.546608809914671E-4
17.0 -3.141506049115122 2.711148894432727E-4
17.02 -3.141500453474545 2.8863201521619564E-4
17.04 -3.141494496291524 3.0728094785991317E-4
17.06 -3.141488154206278 3.2713481505533597E-4
17.08 -3.141481402349717 3.4827146936856755E-4
17.1 -3.141474214245922 3.707737935326375E-4
17.12 -3.141466561708327 3.9473002545387125E-4
17.14 -3.141458414729193 4.202341042171376E-4
17.16 -3.141449741361936 4.473860384473702E-4
17.18 -3.141440507595855 4.7629229847131983E-4
17.2 -3.141430677222772 5.07066233817282E-4
17.22 -3.141420211695044 5.398285176901915E-4
17.24 -3.141409069974411 5.747076201648529E-4
17.26 -3.141397208371068 6.118403119528364E-4
17.28 -3.141384580372353 6.513722007185856E-4
17.3 -3.141371136460349 6.934583020473451E-4
17.32 -3.14135682391772 7.382636473044906E-4
17.34 -3.141341586620982 7.859639307690969E-4
17.36 -3.141325364820435 8.36746198579962E-4
17.38 -3.141308094905862 8.908095821952701E-4
17.4 -3.141289709157101 9.483660792418837E-4
17.42 -3.141270135478489 0.0010096413848167
17.44 -3.141249297116161 0.0010748757764991
17.46 -3.141227112357074 0.0011443250565453
17.48 -3.141203494208586 0.0012182615549593
17.5 -3.141178350057337 0.0012969751973726
17.52 -3.141151581306083 0.0013807746419221
17.54 -3.141123082987072 0.001469988489582
17.56 -3.141092743350436 0.0015649665726973
17.58 -3.141060443425984 0.0016660813267699
17.6 -3.141026056556694 0.0017737292508782
17.62 -3.140989447902053 0.0018883324624551
17.64 -3.140950473909309 0.0020103403525218
17.66 -3.140908981750564 0.0021402313478673
17.68 -3.140864808723491 0.0022785147870841
17.7 -3.140817781613337 0.0024257329178155
17.72 -3.140767716013701 0.0025824630230454
17.74 -3.140714415603423 0.0027493196847694
17.76 -3.140657671376759 0.0029269571939217
17.78 -3.140597260823816 0.0031160721160078
17.8 -3.140532947058026 0.0033174060225017
17.82 -3.140464477887255 0.0035317483987189
17.84 -3.140391584824891 0.0037599397395646
17.86 -3.14031398203704 0.0040028748452957
17.88 -3.140231365221696 0.0042615063302183
17.9 -3.140143410415498 0.004536848358077
17.92 -3.140049772723388 0.0048299806187805
17.94 -3.139950084966191 0.0051420525620541
17.96 -3.139843956240823 0.005474287904617
17.98 -3.13973097038746 0.0058279894285522
18.0 -3.139610684357691 0.0062045440896805
18.02 -3.139482626477215 0.0066054284559608
18.04 -3.139346294596315 0.0070322144972367
18.06 -3.139201154120818 0.007486575749019
18.08 -3.139046635915854 0.0079702938744639
18.1 -3.138882134074168 0.0084852656502625
18.12 -3.138707003540253 0.0090335104038172
18.14 -3.138520557580992 0.0096171779308468
18.16 -3.138322065092874 0.01023855692444
18.18 -3.138110747735255 0.010900083948581
18.2 -3.137885776878395 0.011604352991293
18.22 -3.13764627035435 0.012354125634814
18.24 -3.137391288997934 0.013152341882639
18.26 -3.137119832964244 0.014002131685798
18.28 -3.136830837808276 0.014906827213506
18.3 -3.136523170311298 0.015869975916194
18.32 -3.136195624037608 0.016895354432024
18.34 -3.135846914604283 0.017986983391287
18.36 -3.135475674645376 0.019149143176556
18.38 -3.135080448450845 0.020386390700186
18.4 -3.134659686259217 0.021703577264706
18.42 -3.134211738181636 0.023105867575832
18.44 -3.13373484773351 0.024598759982296
18.46 -3.133227144948444 0.026188108021409
18.48 -3.132686639047499 0.027880143354322
18.5 -3.132111210635122 0.02968150018028
18.52 -3.131498603391207 0.031599241224824
18.54 -3.130846415226815 0.033640885402922
18.56 -3.130152088868999 0.035814437264381
18.58 -3.12941290183795 0.03812841833564
18.6 -3.128625955777336 0.04059190047921
18.62 -3.127788165096216 0.0432145413996
18.64 -3.12689624487823 0.046006622432569
18.66 -3.125946698010969 0.048979088763009
18.68 -3.124935801485427 0.052143592225701
18.7 -3.123859591812253 0.055512536852582
18.72 -3.122713849498147 0.059099127340086
18.74 -3.121494082522197 0.062917420620497
18.76 -3.120195508748125 0.066982380732214
18.78 -3.118813037204434 0.071309937195183
18.8 -3.117341248160181 0.075917047109732
18.82 -3.115774371919639 0.080821761209364
18.84 -3.114106266254334 0.08604329411097
18.86 -3.112330392385984 0.091602099019105
18.88 -3.110439789428569 0.097519947154605
18.9 -3.108427047192229 0.10382001219162
18.92 -3.106284277245863 0.11052696000123
18.94 -3.104003082129208 0.11766704401357
18.96 -3.101574522598775 0.12526820652461
18.98 -3.098989082785397 0.13336018628671
19.0 -3.096236633134197 0.14197463273509
19.02 -3.093306390990651 0.15114522721374
19.04 -3.090186878689029 0.16090781157464
19.06 -3.086865878991944 0.17130052453177
19.08 -3.083330387722049 0.18236394615706
19.1 -3.079566563419165 0.19414125090637
19.12 -3.075559673848365 0.20667836956088
19.14 -3.071294039176936 0.22002416045985
19.16 -3.06675297163076 0.23423059038387
19.18 -3.061918711433719 0.24935292542165
19.2 -3.056772358827434 0.26544993211543
19.22 -3.051293801963235 0.28258408912728
19.24 -3.045461640454093 0.30082180959844
19.26 -3.039253104371675 0.32023367428102
19.28 -3.032643968473271 0.34089467540228
19.3 -3.025608461445541 0.36288447106946
19.32 -3.018119169957791 0.38628764983112
19.34 -3.010146937327417 0.41119400477078
19.36 -3.001660756615558 0.43769881621025
19.38 -2.992627657992995 0.46590314173081
19.4 -2.983012590246554 0.49591411176727
19.42 -2.97277829633654 0.52784522847495
19.44 -2.961885182968257 0.56181666489315
19.46 -2.950291184208159 0.59795556060789
19.48 -2.937951619260732 0.6363963091234
19.5 -2.924819044629626 0.67728083095465
19.52 -2.910843101020246 0.72075882501541
19.54 -2.895970355506227 0.76698798915514
19.56 -2.880144139685084 0.81613419864631
19.58 -2.863304384795947 0.86837162898694
19.6 -2.845387455073046 0.92388280650189
19.62 -2.826325980971917 0.98285856683639
19.64 -2.806048694342089 1.045497897467778
19.66 -2.784480268142503 1.112007635746516
19.68 -2.761541163917746 1.182601988649499
19.7 -2.737147490989189 1.25750183432672
19.72 -2.711210882181294 1.336933758607153
19.74 -2.683638391916084 1.421128771886885
19.76 -2.654332423684435 1.510320643286212
19.78 -2.623190695256346 1.604743779733734
19.8 -2.590106251535873 1.704630567913737
19.82 -2.554967536706531 1.810208087133936
19.84 -2.517658539248228 1.921694091653003
19.86 -2.478059025522586 2.039292152612712
19.88 -2.436044879887405 2.16318584351913
19.9 -2.391488571655162 2.293531850667942
19.92 -2.344259771563528 2.430451892930658
19.94 -2.29422614264283 2.574023346364356
19.96 -2.241254332256402 2.724268491209824
19.98 -2.18521119339858 2.881142335609532
20.0 -2.125965263728049 3.04451902590413
20.02 -2.063388529872731 3.214176932020727
20.04 -1.997358501760786 3.389782602478475
20.06 -1.927760616527044 3.57087392034539
20.08 -1.854490983278569 3.756842960769214
20.1 -1.777459468034879 3.946919251107822
20.12 -1.696593101916137 4.140154360179324
20.14 -1.611839774747198 4.33540898127712
20.16 -1.523172150615089 4.531343903757238
20.18 -1.430591712004649 4.726416460332622
20.2 -1.334132806075025 4.918884152599888
20.22 -1.233866532421409 5.106817149465057
20.24 -1.129904279246473 5.2881211732524
20.26 -1.022400688135118 5.460571893081844
20.28 -0.91155581119754 5.621861307695513
20.3 -0.79761622310072 5.769655722441955
20.32 -0.68087486889496 5.901663850511498
20.34 -0.56166946967568 6.01571238763088
20.36 -0.44037937282341 6.109825259517633
20.38 -0.31742081955227 6.182301792555578
20.4 -0.19324070396332 6.231788487195145
20.42 -0.06830900562474 6.257339028654722
20.44 0.056889819594781 6.258457732968794
20.46 0.1818661203496 6.235122786300601
20.48 0.30613457511743 6.187787275210189
20.5 0.42922351363154 6.117357918257745
20.52 0.55068360376299 6.02515333436928
20.54 0.67009552723813 5.9128453577804
20.56 0.78707635077727 5.782388119403307
20.58 0.90128440086521 5.635940234415849
20.6 1.012422558223229 5.475785444298541
20.62 1.120239990520799 5.304256533174515
20.64 1.224532429559484 5.123666416773618
20.66 1.325141165952283 4.936249163402055
20.68 1.421950977613522 4.744112521917466
20.7 1.514887228734891 4.549202442887458
20.72 1.60391237629825 4.353279181178938
20.74 1.68902210593102 4.157903908290668
20.76 1.770241292919781 3.964434346214475
20.78 1.847619952122427 3.774027736717239
20.8 1.92122930632779 3.587649438388452
20.82 1.991158069347417 3.406085549944678
20.84 2.057509009865121 3.229958145341778
20.86 2.12039583602154 3.059741934338628
20.88 2.179940419370633 2.895781400542621
20.9 2.236270360189758 2.738307696242198
20.92 2.289516883788673 2.587454776357292
20.94 2.339813048885568 2.443274426080716
20.96 2.387292243660678 2.30574997652113
20.98 2.432086942120486 2.174808611356223
21.0 2.474327692318383 2.050332248486339
21.02 2.51414230826751 1.932167038133504
21.04 2.551655238621858 1.820131557133156
21.06 2.586987087051269 1.714023802448071
21.08 2.62025426143204 1.613627098854081
21.1 2.651568731321786 1.518715039390701
21.12 2.681037875545661 1.429055575041568
21.14 2.708764403996007 1.344414364175496
21.16 2.734846339878462 1.264557484034833
21.18 2.75937705059013 1.189253597106993
21.2 2.782445317173577 1.11827565534399
21.22 2.804135433851668 1.051402215442447
21.24 2.824527330518699 0.98841842911288
21.26 2.843696712254558 0.92911676366203
21.28 2.861715210955563 0.87329750039482
21.3 2.878650545054515 0.8207690513513
21.32 2.894566684049696 0.77134812871978
21.34 2.909524015194155 0.72485979587048
21.36 2.923579510227611 0.68113742427684
21.38 2.936786890477355 0.64002257656821
21.4 2.949196789024107 0.60136483251736
21.42 2.960856908934791 0.56502157184164
21.44 2.971812176816331 0.53085772522172
21.46 2.982104891151198 0.49874550285725
21.48 2.991774865043804 0.46856410812961
21.5 3.000859563143193 0.44019944248006
21.52 3.009394232617103 0.41354380639399
21.54 3.017412028139836 0.38849560037171
21.56 3.024944130925402 0.36495902893052
21.58 3.032019861891145 0.34284380999441
21.6 3.038666789078374 0.32206489146265
21.62 3.044910829487574 0.30254217628658
21.64 3.050776345508436 0.28420025700779
21.66 3.056286236140904 0.26696816040656
21.68 3.061462023213824 0.25077910266443
21.7 3.066323932813855 0.23557025524854
21.72 3.070890972139839 0.22128252157012
21.74 3.075181001997574 0.20786032434726
21.76 3.079210805147592 0.19525140350757
21.78 3.082996150714455 0.18340662439383
21.8 3.086551854860816 0.1722797959817
21.82 3.089891837923219 0.1618274987797
21.84 3.093029178199771 0.1520089220538
21.86 3.095976162572433 0.14278571000223
21.88 3.098744334139112 0.13412181649562
21.9 3.101344537022972 0.12598336799422
21.92 3.103786958518629 0.11833853425511
21.94 3.106081168727204 0.11115740644701
21.96 3.108236157824615 0.10441188229809
21.98 3.110260371100104 0.098075557912318
22.0 3.112161741894835 0.092123625901019
22.02 3.113947722563416 0.086532779489257
22.04 3.115625313574561 0.081281122269802
22.06 3.11720109086069 0.076348083291333
22.08 3.118681231520125 0.07171433718149
22.1 3.120071537969703 0.067361729019372
22.12 3.121377460640064 0.063273203685981
22.14 3.122604119300566 0.059432739434677
22.16 3.123756323095759 0.055825285437019
22.18 3.12483858937059 0.052436703072237
22.2 3.12585516135699 0.049253710740981
22.22 3.126810024790249 0.046263831996006
22.24 3.127706923519531 0.043455346793853
22.26 3.128549374173071 0.040817245682584
22.28 3.129340679935047 0.038339186751069
22.3 3.130083943487648 0.036011455175262
22.32 3.13078207916876 0.033824925206379
22.34 3.131437824392596 0.03177102445483
22.36 3.132053750377812 0.029841700332304
22.38 3.132632272224965 0.028029388522398
22.4 3.133175658382634 0.02632698335784
22.42 3.133686039539207 0.024727809989527
22.44 3.134165416975046 0.023225598239368
22.46 3.134615670407702 0.021814458035387
22.48 3.135038565360855 0.020488856333504
22.5 3.1354357600858 0.019243595436182
22.52 3.135808812062567 0.018073792623449
22.54 3.136159184106121 0.016974861016863
22.56 3.136488250101544 0.015942491601764
22.58 3.136797300390656 0.014972636337623
22.6 3.137087546831169 0.014061492290506
22.62 3.137360127548194 0.01320548672565
22.64 3.137616111396715 0.012401263101871
22.66 3.137856502152503 0.011645667913017
22.68 3.138082242447902 0.010935738325011
22.7 3.138294217467908 0.010268690560076
22.72 3.138493258421018 0.0096419089826977
22.74 3.138680145798464 0.0090529358445894
22.76 3.138855612434592 0.0084994616485017
22.78 3.139020346380397 0.0079793160931369
22.8 3.139174993601463 0.0074904595637035
22.82 3.139320160510896 0.0070309751347711
22.84 3.139456416347172 0.006599061054097
22.86 3.139584295406226 0.0061930236779703
22.88 3.139704299136528 0.0058112708303918
22.9 3.139816898105367 0.005452305560063
22.92 3.139922533844044 0.0051147202707173
22.94 3.140021620579213 0.0047971912017859
22.96 3.140114546857159 0.0044984732377657
22.98 3.14020167706738 0.0042173950259414
23.0 3.140283352871443 0.0039528543833232
23.02 3.140359894542721 0.0037038139747952
23.04 3.14043160222227 0.0034692972455293
23.06 3.140498757095751 0.0032483845917205
23.08 3.140561622496033 0.0030402097546291
23.1 3.140620444935793 0.0028439564237922
23.12 3.140675455074148 0.0026588550360874
23.14 3.140726868621138 0.0024841797580982
23.16 3.140774887183578 0.0023192456399488
23.18 3.140819699055611 0.0021634059294505
23.2 3.140861479957063 0.0020160495360266
23.22 3.140900393722485 0.0018765986344726
23.24 3.140936592943596 0.0017445063991572
23.26 3.14097021956763 0.0016192548597781
23.28 3.141001405453957 0.0015003528702656
23.3 3.141030272891134 0.0013873341828699
23.32 3.141056935076437 0.0012797556198803
23.34 3.141081496559734 0.0011771953358071
23.36 3.141104053653455 0.0010792511632122
23.38 3.141124694810262 9.855390357025168E-4
23.4 3.141143500969892 8.956914819006987E-4
23.42 3.141160545876547 8.093561844906436E-4
23.44 3.141175896368068 7.26194598684534E-4
23.46 3.141189612638017 6.458806246963007E-4
23.48 3.14120174847172 5.680993290145432E-4
23.5 3.141212351457168 4.925457094614273E-4
23.52 3.141221463171631 4.189234991950509E-4
23.54 3.141229119344684 3.469440049652775E-4
23.56 3.141235349998321 2.7632497506754883E-4
23.58 3.141240179564675 2.067894925556772E-4
23.6 3.141243626981823 1.3806488937368011E-4
23.62 3.14124570576805 6.98816771486374E-5
23.64 3.141246424074858 1.9724904517579153E-6
23.66 3.141245784718926 -6.5928961615691E-5
23.68 3.14124378519316 -1.3408893962300888E-4
23.7 3.14124041765686 -2.0277471789176022E-4
23.72 3.141235668904973 -2.722556325527442E-4
23.74 3.141229520316316 -3.428041376878111E-4
23.76 3.141221947780553 -4.146968736980302E-4
23.78 3.141212921603653 -4.882157520873515E-4
23.8 3.141202406391455 -5.636490609159231E-4
23.82 3.141190360910872 -6.412925952573285E-4
23.84 3.141176737928206 -7.2145081709287E-4
23.86 3.141161484023938 -8.04438049191175E-4
23.88 3.141144539383245 -8.905797076542495E-4
23.9 3.141125837561457 -9.802135779635218E-4
23.92 3.141105305223506 -0.0010736911395292
23.94 3.14108286185636 -0.0011713789439373
23.96 3.141058419453308 -0.0012736600522984
23.98 3.141031882168863 -0.0013809355373335
24.0 3.141003145942924 -0.0014936260560892
24.02 3.140972098092729 -0.0016121734994463
24.04 3.140938616870993 -0.0017370427248925
24.06 3.140902570988507 -0.0018687233793511
24.08 3.140863819099313 -0.0020077318192158
24.1 3.14082220924645 -0.0021546131351181
24.12 3.140777578266091 -0.0023099432893691
24.14 3.140729751147732 -0.0024743313744529
24.16 3.140678540347928 -0.0026484220014324
24.18 3.140623745054887 -0.0028328978276278
24.2 3.14056515040103 -0.0030284822334816
24.22 3.140502526620443 -0.003235942159105
24.24 3.140435628147901 -0.0034560911116277
24.26 3.140364192655945 -0.0036897923551417
24.28 3.140287940026226 -0.0039379622957481
24.3 3.140206571251093 -0.0042015740749761
24.32 3.140119767261105 -0.004481661385665
24.34 3.140027187673883 -0.0047793225252679
24.36 3.139928469459386 -0.0050957247024693
24.38 3.139823225516386 -0.0054321086139988
24.4 3.13971104315455 -0.0057897933095837
24.42 3.139591482476191 -0.0061701813641111
24.44 3.139464074651328 -0.0065747643772741
24.46 3.139328320079306 -0.0070051288222595
24.48 3.139183686429759 -0.0074629622663999
24.5 3.139029606555241 -0.0079500599881721
24.52 3.138865476267332 -0.0084683320164722
24.54 3.138690651967517 -0.0090198106197546
24.56 3.138504448123535 -0.0096066582743766
24.58 3.138306134581309 -0.010231176143371
24.6 3.138094933701925 -0.010895813098865
24.62 3.137870017312432 -0.011603175323474
24.64 3.137630503458514 -0.012356036528293
24.66 3.137375452946301 -0.01315734882748
24.68 3.137103865659777 -0.014010254312013
24.7 3.136814676639338 -0.014918097367927
24.72 3.136506751906148 -0.015884437787228
24.74 3.136178884015918 -0.01691306472278
24.76 3.135829787324707 -0.01800801154174
24.78 3.135458092948174 -0.019173571635626
24.8 3.13506234339456 -0.020414315248781
24.82 3.134640986850373 -0.021735107390989
24.84 3.134192371096391 -0.023141126904177
24.86 3.133714737030185 -0.024637886757594
24.88 3.133206211769792 -0.026231255650615
24.9 3.132664801311557 -0.02792748100734
24.92 3.132088382713433 -0.029733213452525
24.94 3.131474695773147 -0.031655532864026
24.96 3.130821334168725 -0.033701976102996
24.98 3.130125736026742 -0.03588056652942
25.0 3.129385173881456 -0.038199845417385
25.02 3.128596743985636 -0.040668905391609
25.04 3.127757354931381 -0.043297426014354
25.06 3.126863715536553 -0.046095711659886
25.08 3.125912321949645 -0.049074731822083
25.1 3.124899443922886 -0.052246164009776
25.12 3.123821110200196 -0.055622439393802
25.14 3.122673092963253 -0.059216791379679
25.16 3.121450891275314 -0.063043307290252
25.18 3.120149713458668 -0.067116983353548
25.2 3.118764458337575 -0.071453783202556
25.22 3.117289695274263 -0.07607070010554
25.24 3.115719642921115 -0.080985823157913
25.26 3.114048146607373 -0.086218407679559
25.28 3.112268654273708 -0.091788950074714
25.3 3.11037419086273 -0.097719267425156
25.32 3.108357331067937 -0.10403258210125
25.34 3.106210170337783 -0.11075361168946
25.36 3.103924294025451 -0.11790866454884
25.38 3.101490744568484 -0.12552574132294
25.4 3.098899986575814 -0.13363464274684
25.42 3.096141869692769 -0.14226708410175
25.44 3.093205589107481 -0.15145681668125
25.46 3.090079643554757 -0.16123975664305
25.48 3.086751790665869 -0.17165412162836
25.5 3.083208999505067 -0.18274057553574
25.52 3.079437400125825 -0.19454238183787
25.54 3.075422229972119 -0.20710556582617
25.56 3.071147776942379 -0.22047908615891
25.58 3.066597318926449 -0.23471501607119
25.6 3.061753059618927 -0.24986873457895
25.62 3.056596060406001 -0.2659991279703
25.64 3.051106168117527 -0.28316880182474
25.66 3.045261938431966 -0.30144430372948
25.68 3.039040554719287 -0.32089635676889
25.7 3.032417742106616 -0.34160010374275
25.72 3.025367676553718 -0.36363536191546
25.74 3.017862888731261 -0.38708688790537
25.76 3.009874162504934 -0.41204465208079
25.78 3.001370427844068 -0.43860412152925
25.8 2.992318647995666 -0.4668665502946
25.82 2.982683700795244 -0.49693927512026
25.84 2.97242825402656 -0.52893601437836
25.86 2.961512634795258 -0.5629771671836
25.88 2.949894692949493 -0.59919010886477
25.9 2.937529658666826 -0.63770947796704
25.92 2.924369994434893 -0.67867744875396
25.94 2.910365241787972 -0.72224398173127
25.96 2.895461863327981 -0.76856704298369
25.98 2.879603080762608 -0.81781278105194
26.0 2.862728709942555 -0.87015564762686
26.02 2.844774994182542 -0.92577844544054
26.04 2.825674437516234 -0.98487228332614
26.06 2.805355639974739 -1.047636414430251
26.08 2.783743137503825 -1.114277928924582
26.1 2.760757249760399 -1.185011267210157
26.12 2.73631393976884 -1.26005751347974
26.14 2.710324690288547 -1.339643422561025
26.16 2.682696402761914 -1.424000125193413
26.18 2.653331325893282 -1.513361448329868
26.2 2.622127022269034 -1.607961777806465
26.22 2.588976382978952 -1.708033380989107
26.24 2.553767701945639 -1.81380309713011
26.26 2.516384823610337 -1.925488293673221
26.28 2.476707379744833 -2.043291978404624
26.3 2.434611133427084 -2.167396951242277
26.32 2.389968450574001 -2.297958877057552
26.34 2.342648921775825 -2.435098164168076
26.36 2.292520159386072 -2.578890544500836
26.38 2.23944879669724 -2.729356273951517
26.4 2.18330171731679 -2.886447908785884
26.42 2.123947543213829 -3.05003667015146
26.44 2.061258408913088 -3.219897488262617
26.46 1.995112046460619 -3.39569292480564
26.48 1.925394200489451 -3.57695630998004
26.5 1.852001384335408 -3.763074600954195
26.52 1.774843976052052 -3.953271669873749
26.54 1.69384963678203 -4.146592955713952
26.56 1.608967012878915 -4.341892652507187
26.58 1.520169657391205 -4.537824835917187
26.6 1.427460076480559 -4.732840120585429
26.62 1.330873773208986 -4.925189552756639
26.64 1.230483126918291 -5.112937429911924
26.66 1.126400914126379 -5.293984552762198
26.68 1.018783250398448 -5.466103012042731
26.7 0.90783171664727 -5.626982966967089
26.72 0.79379443265531 -5.774290987260754
26.74 0.6769658597113 -5.905738450835324
26.76 0.55768515616969 -6.01915730687587
26.78 0.43633297520437 -6.11257936801974
26.8 0.31332668064029 -6.184314356201675
26.82 0.18911405858557 -6.233021371091662
26.84 0.064165710435735 -6.257768424406098
26.86 -0.061033584854012 -6.258075267352471
26.88 -0.18599416674282 -6.23393591665656
26.9 -0.31023101883879 -6.185818937159581
26.92 -0.43327307601133 -6.114645456401809
26.94 -0.55467188343496 -6.021746807428528
26.96 -0.67400923328949 -5.908805358088489
26.98 -0.79090348883772 -5.777783277043093
27.0 -0.90501440762993 -5.630844586178567
27.02 -1.016046383442923 -5.470275838103038
27.04 -1.123750128674674 -5.298410213443233
27.06 -1.227922905996796 -5.117558901041129
27.08 -1.328407484101977 -4.929952481064229
27.1 -1.425090034891857 -4.73769384779481
27.12 -1.517897209091864 -4.542723125106622
27.14 -1.606792627062565 -4.346794137087436
27.16 -1.6917730058979 -4.151461344503367
27.18 -1.772864117637304 -3.95807574903892
27.2 -1.850116741214562 -3.767788075930954
27.22 -1.923602736562171 -3.581557529082002
27.24 -1.993411336097183 -3.400164522284484
27.26 -2.059645718679933 -3.224225979196674
27.28 -2.122419905239959 -3.054212023584139
27.3 -2.181855994080921 -2.890463119652231
27.32 -2.238081737371368 -2.733206948936341
27.34 -2.291228448125944 -2.582574512296421
27.36 -2.341429218518162 -2.438615116734139
27.38 -2.388817425000436 -2.301310045424131
27.4 -2.433525492801197 -2.170584817070938
27.42 -2.475683891335099 -2.046320020836287
27.44 -2.51542033239002 -1.928360769832499
27.46 -2.552859144220031 -1.816524853918853
27.48 -2.588120796538422 -1.710609695388295
27.5 -2.621321553608651 -1.610398222731794
27.52 -2.652573234980408 -1.515663781083162
27.54 -2.681983065774972 -1.426174195664248
27.56 -2.70965360069501 -1.34169509851829
27.58 -2.735682708059516 -1.261992620519418
27.6 -2.760163602110817 -1.186835541170544
27.62 -2.783184913592257 -1.115996978827318
27.64 -2.804830790149943 -1.049255694244285
27.66 -2.825181019476237 -0.98639707107544
27.68 -2.844311169298253 -0.92721382838121
27.7 -2.862292739336417 -0.87150651240365
27.72 -2.879193321232337 -0.81908380790796
27.74 -2.895076763188429 -0.76976270324064
27.76 -2.910003336689721 -0.72336853788253
27.78 -2.924029903206204 -0.67973495662085
27.8 -2.937210079215458 -0.63870379046071
27.82 -2.949594398252617 -0.60012488097525
27.84 -2.961230468998782 -0.56385586188408
27.86 -2.972163128669519 -0.52976190918933
27.88 -2.982434591170313 -0.49771546912535
27.9 -2.992084589653071 -0.46759597143977
27.92 -3.001150513243169 -0.43928953406993
27.94 -3.009667537815307 -0.41268866406915
27.96 -3.017668750783212 -0.38769195863263
27.98 -3.025185269936614 -0.36420380924296
28.0 -3.032246356412303 -0.34213411127095
28.02 -3.038879521926934 -0.32139798080616
28.04 -3.045110630430045 -0.3019154800327
28.06 -3.050963994358153 -0.28361135209241
28.08 -3.056462465686548 -0.26641476607527
28.1 -3.061627521985632 -0.25025907253352
28.12 -3.066479347694613 -0.23508156972168
28.14 -3.071036910827751 -0.22082328060993
28.16 -3.075318035328089 -0.20742874059785
28.18 -3.079339469281132 -0.19484579576103
28.2 -3.083116949196839 -0.18302541139171
28.22 -3.086665260562979 -0.17192149054125
28.24 -3.089998294866606 -0.16149070223297
28.26 -3.093129103273542 -0.15169231898767
28.28 -3.096069947148372 -0.14248806328646
28.3 -3.098832345589866 -0.133841962586
28.32 -3.101427120149 -0.12572021249791
28.34 -3.103864436888971 -0.11809104774528
28.36 -3.106153845938928 -0.11092462051398
28.38 -3.108304318685551 -0.10419288582486
28.4 -3.11032428273923 -0.097869493562125
28.42 -3.112221654804441 -0.091929686805553
28.44 -3.114003871576936 -0.086350206126176
28.46 -3.115677918783771 -0.081109199518798
28.48 -3.117250358475716 -0.076186137658437
28.5 -3.118727354675539 -0.071561734181718
28.52 -3.120114697479779 -0.067217870708298
28.54 -3.121417825706079 -0.063137526331242
28.56 -3.122641848172858 -0.059304711318858
28.58 -3.123791563693088 -0.055704404783774
28.6 -3.124871479859188 -0.052322496087906
28.62 -3.125885830691539 -0.049145729764362
28.64 -3.126838593218878 -0.046161653749283
28.66 -3.12773350305478 -0.043358570728052
28.68 -3.128574069030673 -0.04072549241126
28.7 -3.129363586942194 -0.038252096566227
28.72 -3.130105152462371 -0.035928686639826
28.74 -3.130801673271864 -0.033746153817794
28.76 -3.131455880453542 -0.031695941374648
28.78 -3.132070339195808 -0.029770011176835
28.8 -3.132647458846439 -0.027960812209757
28.82 -3.133189502356182 -0.02626125100691
28.84 -3.133698595148993 -0.024664663866562
28.86 -3.134176733453584 -0.023164790748149
28.88 -3.134625792128842 -0.021755750746986
28.9 -3.135047532013726 -0.020432019051885
28.92 -3.135443606830399 -0.019188405295992
28.94 -3.135815569667587 -0.018020033216474
28.96 -3.136164879069577 -0.016922321543739
28.98 -3.136492904754648 -0.015890966045635
29.0 -3.136800932985365 -0.014921922656499
29.02 -3.137090171611736 -0.014011391625177
29.04 -3.137361754807012 -0.013155802620048
29.06 -3.137616747514663 -0.012351800732829
29.08 -3.137856149623956 -0.011596233326416
29.1 -3.138080899890505 -0.010886137675309
29.12 -3.138291879617149 -0.010218729350253
29.14 -3.138489916109579 -0.0095913913016368
29.16 -3.13867578592027 -0.0090016635988978
29.18 -3.138850217893412 -0.0084472337857696
29.2 -3.139013896022804 -0.0079259278135855
29.22 -3.139167462133884 -0.0074357015171331
29.24 -3.139311518400425 -0.0069746325996617
29.26 -3.139446629705764 -0.0065409130956418
29.28 -3.13957332585781 -0.0061328422817427
29.3 -3.139692103666522 -0.0057488200082485
29.32 -3.139803428892008 -0.0053873404247777
29.34 -3.13990773807086 -0.0050469860757168
29.36 -3.14000544022792 -0.0047264223422239
29.38 -3.140096918480154 -0.0044243922090167
29.4 -3.14018253153894 -0.0041397113354317
29.42 -3.140262615116667 -0.0038712634114312
29.44 -3.140337483243144 -0.0036179957803549
29.46 -3.140407429496984 -0.0033789153112541
29.48 -3.140472728156802 -0.0031530845046262
29.5 -3.140533635276734 -0.0029396178162824
29.52 -3.140590389690485 -0.0027376781849358
29.54 -3.140643213947865 -0.0025464737498949
29.56 -3.140692315187459 -0.0023652547459935
29.58 -3.140737885948876 -0.0021933105635829
29.6 -3.140780104927744 -0.0020299669620587
29.62 -3.140819137676429 -0.0018745834259954
29.64 -3.140855137253203 -0.0017265506535244
29.66 -3.140888244822434 -0.0015852881671057
29.68 -3.140918590208124 -0.0014502420373248
29.7 -3.140946292402987 -0.0013208827107914
29.72 -3.140971460035052 -0.00119670293362
29.74 -3.140994191793621 -0.001077215762353
29.76 -3.14101457681626 -9.619526545252415E-4
29.78 -3.141032695038327 -8.504616313820747E-4
29.8 -3.141048617506425 -7.423055055491534E-4
29.82 -3.141062406656994 -6.370601667012486E-4
29.84 -3.141074116561141 -5.343129185102645E-4
29.86 -3.141083793136667 -4.3366086034977823E-4
29.88 -3.141091474328123 -3.347093074111606E-4
29.9 -3.141097190255606 -2.3707024303581096E-4
29.92 -3.14110096333286 -1.4036079719494858E-4
29.94 -3.141102808355174 -4.420174515064101E-5
29.96 -3.141102732557394 5.1783979589163884E-5
29.98 -3.141100735642293 1.4797276385262548E-4
30.0 -3.141096809779408 2.4474179072074917E-4
30.02 -3.141090939574334 3.424705185663962E-4
30.04 -3.141083102008356 4.415421690154871E-4
30.06 -3.141073266348187 5.423452296645836E-4
30.08 -3.141061394025456 6.452749774479725E-4
30.1 -3.14104743848547 7.50735028627185E-4
30.12 -3.14103134500466 8.591389214811698E-4
30.14 -3.141013050475995 9.709117379029453E-4
30.16 -3.140992483161519 0.0010864917702619
30.18 -3.140969562411053 0.0012063322400673
30.2 -3.140944198345937 0.0013309030751724
30.22 -3.140916291506598 0.0014606927524881
30.24 -3.140885732462533 0.0015962102134318
30.26 -3.140852401383211 0.0017379868596218
30.28 -3.14081616756818 0.0018865786366434
30.3 -3.140776888934553 0.0020425682140564
30.32 -3.140734411459869 0.002206567270194
30.34 -3.140688568578126 0.0023792188907085
30.36 -3.140639180526628 0.0025612000902734
30.38 -3.140586053641093 0.0027532244673249
30.4 -3.14052897959624 0.0029560450022555
30.42 -3.140467734588894 0.0031704570100287
30.44 -3.140402078460392 0.0033973012587947
30.46 -3.140331753754858 0.0036374672667305
30.48 -3.140256484709657 0.0038918967900354
30.5 -3.140175976174056 0.0041615875157541
30.52 -3.140089912451864 0.0044475969739059
30.54 -3.139997956063511 0.0047510466842596
30.56 -3.139899746422707 0.0050731265540093
30.58 -3.139794898422499 0.0054150995435931
30.6 -3.139683000925174 0.0057783066189441
30.62 -3.139563615150098 0.0061641720095883
30.64 -3.139436272953162 0.0065742087931998
30.66 -3.139300474991083 0.0070100248285036
30.68 -3.139155688763384 0.0074733290597796
30.7 -3.139001346524354 0.0079659382176772
30.72 -3.138836843056818 0.0084897839426009
30.74 -3.138661533298971 0.0090469203585804
30.76 -3.138474729815 0.0096395321273034
30.78 -3.138275700099546 0.010269943013865
30.8 -3.13806366370547 0.010940624997792
30.82 -3.137837789183641 0.011654207965026
30.84 -3.137597190822763 0.012413490018824
30.86 -3.137340925176465 0.013221448449959
30.88 -3.137067987364028 0.014081251409152
30.9 -3.136777307130275 0.014996270327442
30.92 -3.136467744649162 0.015970093133086
30.94 -3.136138086054642 0.017006538316692
30.96 -3.13578703868129 0.018109669899607
30.98 -3.135413225996038 0.019283813364063
31.0 -3.13501518220118 0.02053357260734
31.02 -3.134591346487498 0.021863847986179
31.04 -3.134140056915022 0.023279855521879
31.06 -3.133659543897455 0.024787147341023
31.08 -3.13314792326477 0.026391633431528
31.1 -3.132603188876825 0.028099604798793
31.12 -3.132023204759121 0.029917758112087
31.14 -3.131405696729918 0.031853221937022
31.16 -3.130748243486013 0.033913584656039
31.18 -3.130048267112319 0.036106924185214
31.2 -3.129303022978202 0.038441839602534
31.22 -3.128509588981112 0.04092748480998
31.24 -3.12766485409557 0.043573604359394
31.26 -3.126765506182849 0.046390571580164
31.28 -3.125808019013872 0.049389429155275
31.3 -3.124788638454815 0.052581932301297
31.32 -3.123703367761708 0.055980594717315
31.34 -3.122547951926912 0.059598737477803
31.36 -3.12131786101677 0.063450541054912
31.38 -3.120008272435885 0.067551100666613
31.4 -3.118614052049455 0.071916485158632
31.42 -3.11712973409081 0.076563799640088
31.44 -3.115549499776777 0.081511252105178
31.46 -3.113867154548707 0.086778224286175
31.48 -3.112076103852002 0.092385346996291
31.5 -3.110169327361614 0.098354580234544
31.52 -3.108139351555465 0.10470929833871
31.54 -3.105978220531836 0.11147438048636
31.56 -3.103677464960647 0.11867630685807
31.58 -3.101228069052132 0.12634326079049
31.6 -3.098620435419724 0.13450523726055
31.62 -3.095844347707003 0.14319415805444
31.64 -3.092888930841389 0.15244399398637
31.66 -3.089742608769837 0.1622908945424
31.68 -3.086393059524227 0.17277332533152
31.7 -3.082827167456434 0.18393221373175
31.72 -3.079030972475281 0.19581110311911
31.74 -3.074989616109888 0.20845631606414
31.76 -3.070687284216271 0.22191712686992
31.78 -3.066107146136787 0.23624594380786
31.8 -3.061231290115111 0.25149850137995
31.82 -3.056040654763261 0.26773406289604
31.84 -3.050514956371922 0.28501563360013
31.86 -3.044632611851332 0.30341018450647
31.88 -3.038370657087733 0.32298888701011
31.9 -3.031704660500211 0.34382735821348
31.92 -3.024608631585502 0.36600591675295
31.94 -3.017054924244528 0.38960984871176
31.96 -3.009014134695066 0.41472968295768
31.98 -3.000454993791214 0.44146147493667
32.0 -2.991344253593282 0.46990709757409
