0.0 15.70796326794896 0.0
0.02 15.70796326794896 -1.2001538631644064E-16
0.04 15.70796326794896 -2.400307726328813E-16
0.06 15.70796326794896 -3.6004615894932193E-16
0.08 15.70796326794896 -4.800615452657626E-16
0.1 15.70796326794896 -6.000769315822032E-16
0.12 15.70796326794896 -7.200923178986438E-16
0.14 15.70796326794896 -8.401077042150844E-16
0.16 15.70796326794896 -9.60123090531525E-16
0.18 15.70796326794896 -1.0801384768479656E-15
0.2 15.70796326794896 -1.2001538631644061E-15
0.22 15.70796326794896 -1.3201692494808467E-15
0.24 15.70796326794896 -1.4401846357972873E-15
0.26 15.70796326794896 -1.560200022113728E-15
0.28 15.70796326794896 -1.6802154084301685E-15
0.3 15.70796326794896 -1.800230794746609E-15
0.32 15.70796326794896 -1.92024618106305E-15
0.34 15.70796326794896 -2.0402615673794907E-15
0.36 15.70796326794896 -2.1602769536959315E-15
0.38 15.70796326794896 -2.2802923400123723E-15
0.4 15.70796326794896 -2.400307726328813E-15
0.42 15.70796326794896 -2.520323112645254E-15
0.44 15.70796326794896 -2.6403384989616947E-15
0.46 15.70796326794896 -2.7603538852781355E-15
0.48 15.70796326794896 -2.8803692715945763E-15
0.5 15.70796326794896 -3.000384657911017E-15
0.52 15.70796326794896 -3.120400044227458E-15
0.54 15.70796326794896 -3.2404154305438986E-15
0.56 15.70796326794896 -3.3604308168603394E-15
0.58 15.70796326794896 -3.4804462031767802E-15
0.6 15.70796326794896 -3.600461589493221E-15
0.62 15.70796326794896 -3.7204769758096614E-15
0.64 15.70796326794896 -3.840492362126102E-15
0.66 15.70796326794896 -3.960507748442543E-15
0.68 15.70796326794896 -4.080523134758984E-15
0.7 15.70796326794896 -4.2005385210754246E-15
0.72 15.70796326794896 -4.320553907391865E-15
0.74 15.70796326794896 -4.440569293708306E-15
0.76 15.70796326794896 -4.560584680024747E-15
0.78 15.70796326794896 -4.680600066341188E-15
0.8 15.70796326794896 -4.8006154526576285E-15
0.82 15.70796326794896 -4.920630838974069E-15
0.84 15.70796326794896 -5.04064622529051E-15
0.86 15.70796326794896 -5.160661611606951E-15
0.88 15.70796326794896 -5.280676997923392E-15
0.9 15.70796326794896 -5.4006923842398325E-15
0.92 15.70796326794896 -5.520707770556273E-15
0.94 15.70796326794896 -5.640723156872714E-15
0.96 15.70796326794896 -5.760738543189155E-15
0.98 15.70796326794896 -5.880753929505596E-15
1.0 15.70796326794896 -6.0007693158220365E-15
1.02 15.70796326794896 -6.120784702138477E-15
1.04 15.70796326794896 -6.240800088454918E-15
1.06 15.70796326794896 -6.360815474771359E-15
1.08 15.70796326794896 -6.4808308610878E-15
1.1 15.70796326794896 -6.6008462474042404E-15
1.12 15.70796326794896 -6.720861633720681E-15
1.14 15.70796326794896 -6.840877020037122E-15
1.16 15.70796326794896 -6.960892406353563E-15
1.18 15.70796326794896 -7.0809077926700036E-15
1.2 15.70796326794896 -7.200923178986444E-15
1.22 15.70796326794896 -7.320938565302884E-15
1.24 15.70796326794896 -7.440953951619324E-15
1.26 15.70796326794896 -7.560969337935764E-15
1.28 15.70796326794896 -7.680984724252204E-15
1.3 15.70796326794896 -7.801000110568644E-15
1.32 15.70796326794896 -7.921015496885084E-15
1.34 15.70796326794896 -8.041030883201524E-15
1.36 15.70796326794896 -8.161046269517964E-15
1.38 15.70796326794896 -8.281061655834404E-15
1.4 15.70796326794896 -8.401077042150844E-15
1.42 15.70796326794896 -8.521092428467284E-15
1.44 15.70796326794896 -8.641107814783724E-15
1.46 15.70796326794896 -8.761123201100164E-15
1.48 15.70796326794896 -8.881138587416604E-15
1.5 15.70796326794896 -9.001153973733044E-15
1.52 15.70796326794896 -9.121169360049484E-15
1.54 15.70796326794896 -9.241184746365924E-15
1.56 15.70796326794896 -9.361200132682364E-15
1.58 15.70796326794896 -9.481215518998804E-15
1.6 15.70796326794896 -9.601230905315244E-15
1.62 15.70796326794896 -9.721246291631684E-15
1.64 15.70796326794896 -9.841261677948124E-15
1.66 15.70796326794896 -9.961277064264564E-15
1.68 15.70796326794896 -1.0081292450581004E-14
1.7 15.70796326794896 -1.0201307836897444E-14
1.72 15.70796326794896 -1.0321323223213884E-14
1.74 15.70796326794896 -1.0441338609530324E-14
1.76 15.70796326794896 -1.0561353995846764E-14
1.78 15.70796326794896 -1.0681369382163204E-14
1.8 15.70796326794896 -1.0801384768479644E-14
1.82 15.70796326794896 -1.0921400154796084E-14
1.84 15.70796326794896 -1.1041415541112524E-14
1.86 15.70796326794896 -1.1161430927428964E-14
1.88 15.70796326794896 -1.1281446313745404E-14
1.9 15.70796326794896 -1.1401461700061845E-14
1.92 15.70796326794896 -1.1521477086378285E-14
1.94 15.70796326794896 -1.1641492472694725E-14
1.96 15.70796326794896 -1.1761507859011165E-14
1.98 15.70796326794896 -1.1881523245327605E-14
2.0 15.70796326794896 -1.2001538631644045E-14
2.02 15.70796326794896 -1.2121554017960485E-14
2.04 15.70796326794896 -1.2241569404276925E-14
2.06 15.70796326794896 -1.2361584790593365E-14
2.08 15.70796326794896 -1.2481600176909805E-14
2.1 15.70796326794896 -1.2601615563226245E-14
2.12 15.70796326794896 -1.2721630949542685E-14
2.14 15.70796326794896 -1.2841646335859125E-14
2.16 15.70796326794896 -1.2961661722175565E-14
2.18 15.70796326794896 -1.3081677108492005E-14
2.2 15.70796326794896 -1.3201692494808445E-14
2.22 15.70796326794896 -1.3321707881124885E-14
2.24 15.70796326794896 -1.3441723267441325E-14
2.26 15.70796326794896 -1.3561738653757765E-14
2.28 15.70796326794896 -1.3681754040074205E-14
2.3 15.70796326794896 -1.3801769426390645E-14
2.32 15.70796326794896 -1.3921784812707085E-14
2.34 15.70796326794896 -1.4041800199023525E-14
2.36 15.70796326794896 -1.4161815585339965E-14
2.38 15.70796326794896 -1.4281830971656406E-14
2.4 15.70796326794896 -1.4401846357972848E-14
2.42 15.70796326794896 -1.452186174428929E-14
2.44 15.70796326794896 -1.464187713060573E-14
2.46 15.70796326794896 -1.4761892516922172E-14
2.48 15.70796326794896 -1.4881907903238614E-14
2.5 15.70796326794896 -1.5001923289555056E-14
2.52 15.70796326794896 -1.5121938675871497E-14
2.54 15.70796326794896 -1.524195406218794E-14
2.56 15.70796326794896 -1.536196944850438E-14
2.58 15.70796326794896 -1.5481984834820822E-14
2.6 15.70796326794896 -1.5602000221137264E-14
2.62 15.70796326794896 -1.5722015607453705E-14
2.64 15.70796326794896 -1.5842030993770147E-14
2.66 15.70796326794896 -1.5962046380086588E-14
2.68 15.70796326794896 -1.608206176640303E-14
2.7 15.70796326794896 -1.620207715271947E-14
2.72 15.70796326794896 -1.6322092539035913E-14
2.74 15.70796326794896 -1.6442107925352355E-14
2.76 15.70796326794896 -1.6562123311668796E-14
2.78 15.70796326794896 -1.6682138697985238E-14
2.8 15.70796326794896 -1.680215408430168E-14
2.82 15.70796326794896 -1.692216947061812E-14
2.84 15.70796326794896 -1.7042184856934563E-14
2.86 15.70796326794896 -1.7162200243251004E-14
2.88 15.70796326794896 -1.7282215629567446E-14
2.9 15.70796326794896 -1.7402231015883887E-14
2.92 15.70796326794896 -1.752224640220033E-14
2.94 15.70796326794896 -1.764226178851677E-14
2.96 15.70796326794896 -1.7762277174833212E-14
2.98 15.70796326794896 -1.7882292561149654E-14
3.0 15.70796326794896 -1.8002307947466095E-14
3.02 15.70796326794896 -1.8122323333782537E-14
3.04 15.70796326794896 -1.8242338720098978E-14
3.06 15.70796326794896 -1.836235410641542E-14
3.08 15.70796326794896 -1.848236949273186E-14
3.1 15.70796326794896 -1.8602384879048303E-14
3.12 15.70796326794896 -1.8722400265364745E-14
3.14 15.70796326794896 -1.8842415651681186E-14
3.16 15.70796326794896 -1.8962431037997628E-14
3.18 15.70796326794896 -1.908244642431407E-14
3.2 15.70796326794896 -1.920246181063051E-14
3.22 15.70796326794896 -1.9322477196946953E-14
3.24 15.70796326794896 -1.9442492583263394E-14
3.26 15.70796326794896 -1.9562507969579836E-14
3.28 15.70796326794896 -1.9682523355896277E-14
3.3 15.70796326794896 -1.980253874221272E-14
3.32 15.70796326794896 -1.992255412852916E-14
3.34 15.70796326794896 -2.0042569514845602E-14
3.36 15.70796326794896 -2.0162584901162044E-14
3.38 15.70796326794896 -2.0282600287478485E-14
3.4 15.70796326794896 -2.0402615673794927E-14
3.42 15.70796326794896 -2.0522631060111368E-14
3.44 15.70796326794896 -2.064264644642781E-14
3.46 15.70796326794896 -2.076266183274425E-14
3.48 15.70796326794896 -2.0882677219060693E-14
3.5 15.70796326794896 -2.1002692605377135E-14
3.52 15.70796326794896 -2.1122707991693576E-14
3.54 15.70796326794896 -2.1242723378010018E-14
3.56 15.70796326794896 -2.136273876432646E-14
3.58 15.70796326794896 -2.14827541506429E-14
3.6 15.70796326794896 -2.1602769536959343E-14
3.62 15.70796326794896 -2.1722784923275784E-14
3.64 15.70796326794896 -2.1842800309592226E-14
3.66 15.70796326794896 -2.1962815695908667E-14
3.68 15.70796326794896 -2.208283108222511E-14
3.7 15.70796326794896 -2.220284646854155E-14
3.72 15.70796326794896 -2.2322861854857992E-14
3.74 15.70796326794896 -2.2442877241174434E-14
3.76 15.70796326794896 -2.2562892627490875E-14
3.78 15.70796326794896 -2.2682908013807317E-14
3.8 15.70796326794896 -2.280292340012376E-14
3.82 15.70796326794896 -2.29229387864402E-14
3.84 15.70796326794896 -2.3042954172756642E-14
3.86 15.70796326794896 -2.3162969559073083E-14
3.88 15.70796326794896 -2.3282984945389525E-14
3.9 15.70796326794896 -2.3403000331705966E-14
3.92 15.70796326794896 -2.3523015718022408E-14
3.94 15.70796326794896 -2.364303110433885E-14
3.96 15.70796326794896 -2.376304649065529E-14
3.98 15.70796326794896 -2.3883061876971733E-14
4.0 15.70796326794896 -2.4003077263288174E-14
4.02 15.70796326794896 -2.4123092649604616E-14
4.04 15.70796326794896 -2.4243108035921057E-14
4.06 15.70796326794896 -2.43631234222375E-14
4.08 15.70796326794896 -2.448313880855394E-14
4.1 15.70796326794896 -2.4603154194870382E-14
4.12 15.70796326794896 -2.4723169581186824E-14
4.14 15.70796326794896 -2.4843184967503265E-14
4.16 15.70796326794896 -2.4963200353819707E-14
4.18 15.70796326794896 -2.508321574013615E-14
4.2 15.70796326794896 -2.520323112645259E-14
4.22 15.70796326794896 -2.5323246512769032E-14
4.24 15.70796326794896 -2.5443261899085473E-14
4.26 15.70796326794896 -2.5563277285401915E-14
4.28 15.70796326794896 -2.5683292671718356E-14
4.3 15.70796326794896 -2.5803308058034798E-14
4.32 15.70796326794896 -2.592332344435124E-14
4.34 15.70796326794896 -2.604333883066768E-14
4.36 15.70796326794896 -2.6163354216984123E-14
4.38 15.70796326794896 -2.6283369603300564E-14
4.4 15.70796326794896 -2.6403384989617006E-14
4.42 15.70796326794896 -2.6523400375933447E-14
4.44 15.70796326794896 -2.664341576224989E-14
4.46 15.70796326794896 -2.676343114856633E-14
4.48 15.70796326794896 -2.6883446534882772E-14
4.5 15.70796326794896 -2.7003461921199214E-14
4.52 15.70796326794896 -2.7123477307515655E-14
4.54 15.70796326794896 -2.7243492693832097E-14
4.56 15.70796326794896 -2.736350808014854E-14
4.58 15.70796326794896 -2.748352346646498E-14
4.6 15.70796326794896 -2.7603538852781422E-14
4.62 15.70796326794896 -2.7723554239097863E-14
4.64 15.70796326794896 -2.7843569625414305E-14
4.66 15.70796326794896 -2.7963585011730746E-14
4.68 15.70796326794896 -2.8083600398047188E-14
4.7 15.70796326794896 -2.820361578436363E-14
4.72 15.70796326794896 -2.832363117068007E-14
4.74 15.70796326794896 -2.844364655699651E-14
4.76 15.70796326794896 -2.856366194331295E-14
4.78 15.70796326794896 -2.868367732962939E-14
4.8 15.70796326794896 -2.880369271594583E-14
4.82 15.70796326794896 -2.8923708102262266E-14
4.84 15.70796326794896 -2.9043723488578705E-14
4.86 15.70796326794896 -2.9163738874895143E-14
4.88 15.70796326794896 -2.928375426121158E-14
4.9 15.70796326794896 -2.940376964752802E-14
4.92 15.70796326794896 -2.952378503384446E-14
4.94 15.70796326794896 -2.96438004201609E-14
4.96 15.70796326794896 -2.9763815806477335E-14
4.98 15.70796326794896 -2.9883831192793774E-14
5.0 15.70796326794896 -3.000384657911021E-14
5.02 15.70796326794896 -3.012386196542665E-14
5.04 15.70796326794896 -3.024387735174309E-14
5.06 15.70796326794896 -3.036389273805953E-14
5.08 15.70796326794896 -3.0483908124375966E-14
5.1 15.70796326794896 -3.0603923510692404E-14
5.12 15.70796326794896 -3.072393889700884E-14
5.14 15.70796326794896 -3.084395428332528E-14
5.16 15.70796326794896 -3.096396966964172E-14
5.18 15.70796326794896 -3.108398505595816E-14
5.2 15.70796326794896 -3.1204000442274597E-14
5.22 15.70796326794896 -3.1324015828591035E-14
5.24 15.70796326794896 -3.1444031214907473E-14
5.26 15.70796326794896 -3.156404660122391E-14
5.28 15.70796326794896 -3.168406198754035E-14
5.3 15.70796326794896 -3.180407737385679E-14
5.32 15.70796326794896 -3.192409276017323E-14
5.34 15.70796326794896 -3.2044108146489666E-14
5.36 15.70796326794896 -3.2164123532806104E-14
5.38 15.70796326794896 -3.228413891912254E-14
5.4 15.70796326794896 -3.240415430543898E-14
5.42 15.70796326794896 -3.252416969175542E-14
5.44 15.70796326794896 -3.264418507807186E-14
5.46 15.70796326794896 -3.2764200464388296E-14
5.48 15.70796326794896 -3.2884215850704734E-14
5.5 15.70796326794896 -3.300423123702117E-14
5.52 15.70796326794896 -3.312424662333761E-14
5.54 15.70796326794896 -3.324426200965405E-14
5.56 15.70796326794896 -3.336427739597049E-14
5.58 15.70796326794896 -3.3484292782286927E-14
5.6 15.70796326794896 -3.3604308168603365E-14
5.62 15.70796326794896 -3.3724323554919803E-14
5.64 15.70796326794896 -3.384433894123624E-14
5.66 15.70796326794896 -3.396435432755268E-14
5.68 15.70796326794896 -3.408436971386912E-14
5.7 15.70796326794896 -3.420438510018556E-14
5.72 15.70796326794896 -3.4324400486501996E-14
5.74 15.70796326794896 -3.4444415872818434E-14
5.76 15.70796326794896 -3.456443125913487E-14
5.78 15.70796326794896 -3.468444664545131E-14
5.8 15.70796326794896 -3.480446203176775E-14
5.82 15.70796326794896 -3.492447741808419E-14
5.84 15.70796326794896 -3.5044492804400626E-14
5.86 15.70796326794896 -3.5164508190717065E-14
5.88 15.70796326794896 -3.52845235770335E-14
5.9 15.70796326794896 -3.540453896334994E-14
5.92 15.70796326794896 -3.552455434966638E-14
5.94 15.70796326794896 -3.564456973598282E-14
5.96 15.70796326794896 -3.5764585122299257E-14
5.98 15.70796326794896 -3.5884600508615695E-14
6.0 15.70796326794896 -3.6004615894932134E-14
6.02 15.70796326794896 -3.612463128124857E-14
6.04 15.70796326794896 -3.624464666756501E-14
6.06 15.70796326794896 -3.636466205388145E-14
6.08 15.70796326794896 -3.648467744019789E-14
6.1 15.70796326794896 -3.6604692826514326E-14
6.12 15.70796326794896 -3.6724708212830764E-14
6.140000000000001 15.70796326794896 -3.68447235991472E-14
6.16 15.70796326794896 -3.696473898546364E-14
6.18 15.70796326794896 -3.708475437178008E-14
6.2 15.70796326794896 -3.720476975809652E-14
6.22 15.70796326794896 -3.7324785144412956E-14
6.24 15.70796326794896 -3.7444800530729395E-14
6.26 15.70796326794896 -3.756481591704583E-14
6.28 15.70796326794896 -3.768483130336227E-14
6.3 15.70796326794896 -3.780484668967871E-14
6.32 15.70796326794896 -3.792486207599515E-14
6.34 15.70796326794896 -3.8044877462311587E-14
6.36 15.70796326794896 -3.8164892848628025E-14
6.38 15.70796326794896 -3.8284908234944464E-14
6.4 15.70796326794896 -3.84049236212609E-14
6.42 15.70796326794896 -3.852493900757734E-14
6.44 15.70796326794896 -3.864495439389378E-14
6.46 15.70796326794896 -3.876496978021022E-14
6.48 15.70796326794896 -3.8884985166526656E-14
6.5 15.70796326794896 -3.9005000552843094E-14
6.52 15.70796326794896 -3.912501593915953E-14
6.54 15.70796326794896 -3.924503132547597E-14
6.56 15.70796326794896 -3.936504671179241E-14
6.58 15.70796326794896 -3.948506209810885E-14
6.6 15.70796326794896 -3.9605077484425286E-14
6.62 15.70796326794896 -3.9725092870741725E-14
6.640000000000001 15.70796326794896 -3.9845108257058163E-14
6.66 15.70796326794896 -3.99651236433746E-14
6.68 15.70796326794896 -4.008513902969104E-14
6.7 15.70796326794896 -4.020515441600748E-14
6.72 15.70796326794896 -4.032516980232392E-14
6.74 15.70796326794896 -4.0445185188640355E-14
6.76 15.70796326794896 -4.0565200574956794E-14
6.78 15.70796326794896 -4.068521596127323E-14
6.8 15.70796326794896 -4.080523134758967E-14
6.82 15.70796326794896 -4.092524673390611E-14
6.84 15.70796326794896 -4.104526212022255E-14
6.86 15.70796326794896 -4.1165277506538986E-14
6.88 15.70796326794896 -4.1285292892855424E-14
6.9 15.70796326794896 -4.140530827917186E-14
6.92 15.70796326794896 -4.15253236654883E-14
6.94 15.70796326794896 -4.164533905180474E-14
6.96 15.70796326794896 -4.176535443812118E-14
6.98 15.70796326794896 -4.1885369824437616E-14
7.0 15.70796326794896 -4.2005385210754055E-14
7.02 15.70796326794896 -4.2125400597070493E-14
7.04 15.70796326794896 -4.224541598338693E-14
7.06 15.70796326794896 -4.236543136970337E-14
7.08 15.70796326794896 -4.248544675601981E-14
7.1 15.70796326794896 -4.260546214233625E-14
7.12 15.70796326794896 -4.2725477528652685E-14
7.140000000000001 15.70796326794896 -4.2845492914969124E-14
7.16 15.70796326794896 -4.296550830128556E-14
7.18 15.70796326794896 -4.3085523687602E-14
7.2 15.70796326794896 -4.320553907391844E-14
7.22 15.70796326794896 -4.332555446023488E-14
7.24 15.70796326794896 -4.3445569846551316E-14
7.26 15.70796326794896 -4.3565585232867754E-14
7.28 15.70796326794896 -4.368560061918419E-14
7.3 15.70796326794896 -4.380561600550063E-14
7.32 15.70796326794896 -4.392563139181707E-14
7.34 15.70796326794896 -4.404564677813351E-14
7.36 15.70796326794896 -4.4165662164449947E-14
7.38 15.70796326794896 -4.4285677550766385E-14
7.4 15.70796326794896 -4.4405692937082823E-14
7.42 15.70796326794896 -4.4583735980153005E-14
7.44 15.70796326794896 -4.510994496374564E-14
7.46 15.70796326794896 -4.5984319887860717E-14
7.48 15.70796326794895 -4.720686075249825E-14
7.5 15.70796326794895 -4.877756755765822E-14
7.52 15.70796326794895 -5.069644030334065E-14
7.54 15.70796326794895 -5.296347898954553E-14
7.56 15.70796326794895 -5.5578683616272855E-14
7.58 15.70796326794895 -5.854205418352262E-14
7.6 15.70796326794894 -6.185359069129485E-14
7.62 15.70796326794894 -6.551329313958951E-14
7.640000000000001 15.70796326794894 -6.952116152840664E-14
7.66 15.70796326794894 -7.387719585774621E-14
7.68 15.70796326794894 -7.858139612760823E-14
7.7 15.70796326794893 -8.36337623379927E-14
7.72 15.70796326794893 -8.903429448889962E-14
7.74 15.70796326794893 -9.501510320734396E-14
7.76 15.70796326794893 -1.0134407786631074E-13
7.78 15.70796326794893 -1.0802121846579997E-13
7.8 15.70796326794893 -1.1504652500581166E-13
7.82 15.70796326794892 -1.224199974863458E-13
7.84 15.70796326794892 -1.3014163590740237E-13
7.86 15.70796326794892 -1.3826946792573514E-13
7.88 15.70796326794892 -1.470936318251128E-13
7.9 15.70796326794891 -1.5661412760553536E-13
7.92 15.70796326794891 -1.6683095526700283E-13
7.94 15.7079632679489 -1.777441148095152E-13
7.96 15.7079632679489 -1.8935360623307244E-13
7.98 15.7079632679489 -2.016594295376746E-13
8.0 15.70796326794889 -2.1466158472332167E-13
8.02 15.70796326794889 -2.2836007179001364E-13
8.040000000000001 15.70796326794889 -2.4281291839450426E-13
8.06 15.70796326794888 -2.583102628205622E-13
8.08 15.70796326794887 -2.748521050681875E-13
8.1 15.70796326794887 -2.926705557643951E-13
8.120000000000001 15.70796326794886 -3.115335042821701E-13
8.14 15.70796326794886 -3.314989782782661E-13
8.16 15.70796326794885 -3.5285711603645195E-13
8.18 15.70796326794884 -3.7560791755672756E-13
8.2 15.70796326794884 -3.99751382839093E-13
8.22 15.70796326794883 -4.2534553954030197E-13
8.24 15.70796326794882 -4.5268052594412317E-13
8.26 15.70796326794881 -4.819884526775716E-13
8.28 15.7079632679488 -5.13095236770386E-13
8.3 15.70796326794879 -5.462910165063351E-13
8.32 15.70796326794878 -5.815757918854189E-13
8.34 15.70796326794876 -6.190075905643912E-13
8.36 15.70796326794875 -6.58992606140528E-13
8.38 15.70796326794874 -7.015888662705833E-13
8.4 15.70796326794872 -7.469704539248181E-13
8.42 15.70796326794871 -7.951953967599862E-13
8.44 15.70796326794869 -8.466698883733639E-13
8.46 15.70796326794867 -9.014519564217049E-13
8.48 15.70796326794866 -9.597156838752703E-13
8.5 15.70796326794864 -1.0216351537043215E-12
8.52 15.70796326794862 -1.0875585318493808E-12
8.540000000000001 15.70796326794859 -1.1577179289374634E-12
8.56 15.70796326794857 -1.2326355938793526E-12
8.58 15.70796326794854 -1.3121374437047874E-12
8.6 15.70796326794852 -1.3966876996677978E-12
8.620000000000001 15.70796326794849 -1.4866345277089061E-12
8.64 15.70796326794846 -1.582326093768635E-12
8.66 15.70796326794843 -1.6841105637875065E-12
8.68 15.70796326794839 -1.7923941313627972E-12
8.700000000000001 15.70796326794835 -1.907815100718798E-12
8.72 15.70796326794831 -2.0308376931095388E-12
8.74 15.70796326794827 -2.1617520468187887E-12
8.76 15.70796326794823 -2.301312521384346E-12
8.78 15.70796326794818 -2.4498092550899796E-12
8.8 15.70796326794813 -2.607996607473488E-12
8.82 15.70796326794808 -2.776280772132147E-12
8.84 15.70796326794802 -2.9553580809470022E-12
8.86 15.70796326794796 -3.1459248657990984E-12
8.88 15.70796326794789 -3.348735486226234E-12
8.9 15.70796326794782 -3.5647764123932226E-12
8.92 15.70796326794775 -3.7948600314946165E-12
8.94 15.70796326794767 -4.0396246477547075E-12
8.96 15.70796326794759 -4.300230814308569E-12
8.98 15.7079632679475 -4.57772302897777E-12
9.0 15.70796326794741 -4.8732618448973846E-12
9.02 15.70796326794731 -5.1877176769187184E-12
9.040000000000001 15.7079632679472 -5.522657271774123E-12
9.06 15.70796326794709 -5.87918315494192E-12
9.08 15.70796326794696 -6.258687990184198E-12
9.1 15.70796326794684 -6.662622468919802E-12
9.120000000000001 15.7079632679467 -7.0929015038216046E-12
9.14 15.70796326794655 -7.550743675681434E-12
9.16 15.7079632679464 -8.038179952485673E-12
9.18 15.70796326794623 -8.557125246907191E-12
9.200000000000001 15.70796326794606 -9.109494471618866E-12
9.22 15.70796326794587 -9.697434649920584E-12
9.24 15.70796326794567 -1.0323498998709511E-11
9.26 15.70796326794545 -1.0990124679569303E-11
9.28 15.70796326794523 -1.1699922937053878E-11
9.3 15.70796326794498 -1.2455679098687416E-11
9.32 15.70796326794473 -1.3260236519650852E-11
9.34 15.70796326794445 -1.41169608040359E-11
9.36 15.70796326794416 -1.5028927417650512E-11
9.38 15.70796326794385 -1.599990815818368E-11
9.4 15.70796326794352 -1.7033732850981146E-11
9.42 15.70796326794317 -1.8134405404358925E-11
9.44 15.70796326794279 -1.9306161837260037E-11
9.46 15.7079632679424 -2.055376041753829E-11
9.48 15.70796326794197 -2.188184335773398E-11
9.5 15.70796326794152 -2.3295749202268454E-11
9.52 15.70796326794104 -2.4800932550876564E-11
9.540000000000001 15.70796326794053 -2.6403544335174206E-11
9.56 15.70796326793998 -2.810961943146377E-11
9.58 15.7079632679394 -2.9925947075585444E-11
9.6 15.70796326793878 -3.1859780724633445E-11
9.620000000000001 15.70796326793813 -3.3918605946329E-11
9.64 15.70796326793743 -3.611043055730413E-11
9.66 15.70796326793668 -3.8443842650758394E-11
9.68 15.70796326793589 -4.0928068624115634E-11
9.700000000000001 15.70796326793504 -4.357297317902398E-11
9.72 15.70796326793414 -4.638882721072885E-11
9.74 15.70796326793318 -4.9386481891043196E-11
9.76 15.70796326793216 -5.257789091725828E-11
9.78 15.70796326793108 -5.597547220791941E-11
9.8 15.70796326792992 -5.95926301517367E-11
9.82 15.7079632679287 -6.344329138633104E-11
9.84 15.70796326792739 -6.754254310245841E-11
9.86 15.70796326792599 -7.190663304400986E-11
9.88 15.70796326792451 -7.655279542504125E-11
9.9 15.70796326792293 -8.149896079148948E-11
9.92 15.70796326792125 -8.676456840836707E-11
9.94 15.70796326791946 -9.237039217679183E-11
9.96 15.70796326791755 -9.833842457867344E-11
9.98 15.70796326791552 -1.0469205075968367E-10
10.0 15.70796326791336 -1.1145628063988337E-10
10.02 15.70796326791106 -1.1865734272012523E-10
10.04 15.70796326790861 -1.263237866075321E-10
10.06 15.707963267906 -1.3448561260064567E-10
10.08 15.70796326790323 -1.431749680213075E-10
10.1 15.70796326790027 -1.5242585707637528E-10
10.12 15.70796326789712 -1.6227466310663362E-10
10.14 15.70796326789378 -1.727598004208535E-10
10.16 15.70796326789021 -1.8392223654470303E-10
10.18 15.70796326788641 -1.9580572433137456E-10
10.2 15.70796326788237 -2.084570340722116E-10
10.22 15.70796326787807 -2.219257794137386E-10
10.24 15.70796326787349 -2.362645914406312E-10
10.26 15.70796326786861 -2.515301631735378E-10
10.28 15.70796326786342 -2.6778191493297426E-10
10.3 15.70796326785789 -2.8508390925199666E-10
10.32 15.70796326785201 -3.035036903230664E-10
10.34 15.70796326784575 -3.2311350257884187E-10
10.36 15.70796326783908 -3.43990174636865E-10
10.38 15.70796326783198 -3.6621558352081534E-10
10.4 15.70796326782442 -3.898771769094208E-10
10.42 15.70796326781637 -4.1506762497051707E-10
10.44 15.70796326780781 -4.418856907758991E-10
10.46 15.70796326779869 -4.704365784672613E-10
10.48 15.70796326778898 -5.008320493115114E-10
10.5 15.70796326777864 -5.331914661985918E-10
10.52 15.70796326776764 -5.676417356138232E-10
10.54 15.70796326775592 -6.043178298868146E-10
10.56 15.70796326774345 -6.433634835233449E-10
10.58 15.70796326773017 -6.849320055925577E-10
10.6 15.70796326771603 -7.291863957822742E-10
10.62 15.70796326770098 -7.762999246755611E-10
10.64 15.70796326768496 -8.264574683868357E-10
10.66 15.7079632676679 -8.798558567278068E-10
10.68 15.70796326764974 -9.367045115116985E-10
10.7 15.70796326763041 -9.972262589404455E-10
10.72 15.70796326760983 -1.0616586642407973E-9
10.74 15.70796326758792 -1.1302542637749463E-9
10.76 15.70796326756459 -1.2032817255936623E-9
10.78 15.70796326753975 -1.2810274742106818E-9
10.8 15.70796326751331 -1.363796561017559E-9
10.82 15.70796326748517 -1.4519133606155478E-9
10.84 15.7079632674552 -1.5457236017835865E-9
10.86 15.70796326742329 -1.645595179865494E-9
10.88 15.70796326738933 -1.7519197235167014E-9
10.9 15.70796326735317 -1.8651139293403573E-9
10.92 15.70796326731468 -1.985621650882971E-9
10.94 15.7079632672737 -2.113915697491772E-9
10.96 15.70796326723007 -2.2504990528955016E-9
10.98 15.70796326718362 -2.39590708025537E-9
11.0 15.70796326713417 -2.5507100173542966E-9
11.02 15.70796326708152 -2.7155150655925516E-9
11.04 15.70796326702548 -2.890968595038716E-9
11.06 15.70796326696581 -3.0777582334253207E-9
11.08 15.70796326690229 -3.2766166379465387E-9
11.1 15.70796326683466 -3.4883234681985137E-9
11.12 15.70796326676266 -3.713709099949391E-9
11.14 15.70796326668601 -3.953657352439188E-9
11.16 15.70796326660441 -4.209108853983881E-9
11.18 15.70796326651754 -4.4810653360220115E-9
11.2 15.70796326642505 -4.770593230829399E-9
11.22 15.70796326632659 -5.078827907538088E-9
11.24 15.70796326622177 -5.406977966182945E-9
11.26 15.70796326611017 -5.756330518218424E-9
11.28 15.70796326599136 -6.1282551323992276E-9
11.3 15.70796326586488 -6.524210217822547E-9
11.32 15.70796326573023 -6.94574865261077E-9
11.34 15.70796326558687 -7.394523122455899E-9
11.36 15.70796326543425 -7.872293548159618E-9
11.38 15.70796326527177 -8.38093323656491E-9
11.4 15.7079632650988 -8.92243694640034E-9
11.42 15.70796326491464 -9.498927967654184E-9
11.44 15.70796326471859 -1.011266682572294E-8
11.46 15.70796326450987 -1.0766060101615159E-8
11.48 15.70796326428767 -1.1461670122570114E-8
11.5 15.70796326405111 -1.22022243625382E-8
11.52 15.70796326379926 -1.2990626873629317E-8
11.54 15.70796326353114 -1.3829969369395302E-8
11.56 15.7079632632457 -1.472354300444426E-8
11.58 15.70796326294182 -1.5674851546718635E-8
11.6 15.7079632626183 -1.6687625710326442E-8
11.62 15.70796326227388 -1.7765836675985277E-8
11.64 15.7079632619072 -1.891371233876622E-8
11.66 15.70796326151684 -2.0135753962031315E-8
11.68 15.70796326110125 -2.143675341164763E-8
11.7 15.70796326065881 -2.2821812363141636E-8
11.72 15.70796326018778 -2.429636185701955E-8
11.74 15.70796325968632 -2.5866184175193903E-8
11.76 15.70796325915245 -2.753743523965908E-8
11.78 15.7079632585841 -2.9316668113692276E-8
11.8 15.70796325797902 -3.121085998471391E-8
11.82 15.70796325733485 -3.3227438276733146E-8
11.84 15.70796325664906 -3.5374310708674095E-8
11.86 15.70796325591895 -3.7659895584812654E-8
11.88 15.70796325514168 -4.009315539278975E-8
11.9 15.70796325431418 -4.268363179428837E-8
11.92 15.70796325343321 -4.5441482762733884E-8
11.94 15.70796325249533 -4.837752244829424E-8
11.96 15.70796325149685 -5.1503264118345934E-8
11.98 15.70796325043385 -5.483096443257616E-8
12.0 15.70796324930218 -5.837367236029741E-8
12.02 15.70796324809738 -6.214527972253653E-8
12.04 15.70796324681474 -6.616057614422566E-8
12.06 15.70796324544923 -7.043530667566539E-8
12.08 15.70796324399549 -7.498623370803451E-8
12.1 15.70796324244782 -7.983120271872514E-8
12.12 15.70796324080016 -8.498921219466906E-8
12.14 15.70796323904603 -9.048048802379376E-8
12.16 15.70796323717857 -9.632656316699505E-8
12.18 15.70796323519045 -1.0255036179823944E-7
12.2 15.70796323307388 -1.0917628918940443E-7
12.22 15.70796323082055 -1.1623032745591212E-7
12.24 15.70796322842163 -1.2374013739526686E-7
12.26 15.70796322586771 -1.3173516688271802E-7
12.28 15.70796322314878 -1.4024676669446296E-7
12.3 15.70796322025417 -1.4930831329416856E-7
12.32 15.70796321717254 -1.5895533968533737E-7
12.34 15.7079632138918 -1.6922567438754544E-7
12.36 15.70796321039909 -1.8015959021935426E-7
12.38 15.70796320668071 -1.9179996219156476E-7
12.4 15.70796320272208 -2.041924354972837E-7
12.42 15.70796319850768 -2.1738560446921695E-7
12.44 15.70796319402098 -2.314312031424944E-7
12.46 15.70796318924438 -2.463843084675239E-7
12.48 15.70796318415916 -2.62303555708653E-7
12.5 15.70796317874538 -2.792513688139665E-7
12.52 15.70796317298181 -2.9729420442158274E-7
12.54 15.70796316684585 -3.16502813912552E-7
12.56 15.70796316031343 -3.369525192743362E-7
12.58 15.70796315335894 -3.5872350991227354E-7
12.6 15.70796314595511 -3.8190115588286943E-7
12.62 15.70796313807291 -4.065763429454868E-7
12.64 15.70796312968143 -4.3284582978060097E-7
12.66 15.70796312074777 -4.60812626098011E-7
12.68 15.70796311123689 -4.905863974958008E-7
12.7 15.70796310111149 -5.222838955613314E-7
12.72 15.70796309033188 -5.560294147810097E-7
12.74 15.70796307885578 -5.919552806689375E-7
12.76 15.7079630666382 -6.30202368766273E-7
12.78 15.70796305363122 -6.709206564842472E-7
12.8 15.70796303978384 -7.142698119688242E-7
12.82 15.70796302504176 -7.604198192326473E-7
12.84 15.70796300934717 -8.095516454150644E-7
12.86 15.70796299263854 -8.618579502282593E-7
12.88 15.70796297485033 -9.175438411291764E-7
12.9 15.70796295591281 -9.768276779890376E-7
12.92 15.7079629357517 -1.0399419294074721E-6
12.94 15.70796291428795 -1.1071340842109497E-6
12.96 15.7079628914374 -1.1786676213850625E-6
12.98 15.70796286711044 -1.2548230440113134E-6
13.0 15.70796284121169 -1.335898979007267E-6
13.02 15.70796281363957 -1.422213347544386E-6
13.04 15.70796278428599 -1.5141046123525133E-6
13.06 15.70796275303582 -1.6119331049864652E-6
13.08 15.70796271976654 -1.716082438219196E-6
13.1 15.70796268434768 -1.8269610106989386E-6
13.12 15.70796264664035 -1.945003608396475E-6
13.14 15.7079626064967 -2.0706731093996633E-6
13.16 15.70796256375931 -2.2044622991345986E-6
13.18 15.7079625182606 -2.3468958021643313E-6
13.2 15.70796246982215 -2.498532140255771E-6
13.22 15.70796241825402 -2.6599659219372575E-6
13.24 15.70796236335399 -2.831830173933755E-6
13.26 15.7079623049068 -3.0147988245184497E-6
13.28 15.70796224268325 -3.2095893446995756E-6
13.3 15.70796217643935 -3.416965562619793E-6
13.32 15.70796210591533 -3.637740658305527E-6
13.34 15.70796203083466 -3.8727803526928995E-6
13.36 15.70796195090291 -4.123006302129595E-6
13.38 15.70796186580666 -4.389399712801541E-6
13.4 15.70796177521221 -4.673005187850499E-6
13.42 15.70796167876433 -4.9749348234883266E-6
13.44 15.7079615760848 -5.296372570239601E-6
13.46 15.70796146677101 -5.638578875502328E-6
13.48 15.70796135039429 -6.0028956258214935E-6
13.5 15.70796122649831 -6.390751409011061E-6
13.52 15.70796109459722 -6.803667116201982E-6
13.54 15.70796095417382 -7.2432619053444815E-6
13.56 15.70796080467746 -7.71125955076834E-6
13.58 15.70796064552192 -8.209495202012246E-6
13.6 15.7079604760831 -8.739922580355751E-6
13.62 15.70796029569661 -9.304621640210794E-6
13.64 15.70796010365507 -9.905806724618725E-6
13.66 15.70795989920546 -1.0545835248392792E-5
13.68 15.70795968154606 -1.1227216942504149E-5
13.7 15.70795944982338 -1.1952623695050184E-5
13.72 15.70795920312875 -1.2724900028844283E-5
13.74 15.70795894049483 -1.3547074255317921E-5
13.76 15.70795866089175 -1.4422370349880612E-5
13.78 15.70795836322311 -1.5354220593012826E-5
13.8 15.70795804632166 -1.6346279030593352E-5
13.82 15.70795770894476 -1.74024358010438E-5
13.84 15.70795734976944 -1.8526832390625477E-5
13.86 15.70795696738729 -1.9723877872769264E-5
13.88 15.70795656029887 -2.0998266197706064E-5
13.9 15.70795612690788 -2.2354994598781504E-5
13.92 15.70795566551487 -2.3799383187467156E-5
13.94 15.70795517431059 -2.5337095815347625E-5
13.96 15.70795465136889 -2.6974162283799964E-5
13.98 15.70795409463917 -2.8717001988464928E-5
14.0 15.70795350193833 -3.05724490913543E-5
14.02 15.70795287094224 -3.254777931982162E-5
14.04 15.70795219917657 -3.4650738496265776E-5
14.06 15.70795148400715 -3.688957291172144E-5
14.08 15.7079507226296 -3.927306166240902E-5
14.1 15.70794991205834 -4.181055107435185E-5
14.12 15.70794904911489 -4.451199135352805E-5
14.14 15.70794813041542 -4.738797560291251E-5
14.16 15.70794715235745 -5.0449781361110604E-5
14.18 15.70794611110574 -5.3709414825119266E-5
14.2 15.70794500257724 -5.717965792978948E-5
14.22 15.70794382242511 -6.087411846904059E-5
14.24 15.70794256602164 -6.480728345600416E-5
14.26 15.70794122844012 -6.89945759309972E-5
14.28 15.70793980443553 -7.34524154390482E-5
14.3 15.70793828842393 -7.819828241610802E-5
14.32 15.70793667446063 -8.325078673381285E-5
14.34 15.70793495621682 -8.862974067552888E-5
14.36 15.70793312695479 -9.43562366241267E-5
14.38 15.70793117950149 -1.0045272977228123E-4
14.4 15.70792910622041 -1.0694312617502978E-4
14.42 15.70792689898164 -1.1385287649217365E-4
14.44 15.70792454912997 -1.2120907578760633E-4
14.46 15.70792204745098 -1.2904056977696478E-4
14.48 15.70791938413488 -1.3737806793861747E-4
14.5 15.70791654873808 -1.4625426393532432E-4
14.52 15.70791353014218 -1.5570396381450348E-4
14.54 15.70791031651042 -1.65764222492874E-4
14.56 15.70790689524126 -1.7647448905880618E-4
14.58 15.70790325291895 -1.8787676146342998E-4
14.6 15.70789937526091 -2.000157512064837E-4
14.62 15.70789524706177 -2.1293905866217073E-4
14.64 15.7078908521337 -2.2669735973427594E-4
14.66 15.70788617324297 -2.4134460456948548E-4
14.68 15.70788119204232 -2.569382291117603E-4
14.7 15.70787588899909 -2.735393803245408E-4
14.72 15.70787024331854 -2.9121315596547227E-4
14.74 15.70786423286241 -3.1002885985207285E-4
14.76 15.70785783406199 -3.300602736216421E-4
14.78 15.7078510218258 -3.513859460504479E-4
14.8 15.70784376944117 -3.74089501064079E-4
14.82 15.70783604846946 -3.9825996565133205E-4
14.84 15.70782782863458 -4.239921189631154E-4
14.86 15.70781907770427 -4.5138686396866264E-4
14.88 15.70780976136367 -4.805516231236906E-4
14.9 15.70779984308081 -5.116007596038414E-4
14.92 15.70778928396332 -5.446560257543481E-4
14.94 15.70777804260596 -5.79847040515378E-4
14.96 15.70776607492822 -6.173117976935671E-4
14.98 15.70775333400149 -6.571972070744982E-4
15.0 15.70773976986502 -6.99659670496214E-4
15.02 15.70772532933005 -7.448656951450914E-4
15.04 15.7077099557712 -7.92992546475771E-4
15.06 15.70769358890445 -8.442289433185589E-4
15.08 15.70767616455074 -8.987757978979839E-4
15.1 15.70765761438431 -9.568470036651472E-4
15.12 15.70763786566476 -0.0010186702740331
15.14 15.70761684095184 -0.0010844880353035
15.16 15.70759445780179 -0.0011545583772868
15.18 15.707570628444 -0.001229156065343
15.2 15.70754525943692 -0.0013085736178116
15.22 15.70751825130157 -0.0013931224530556
15.24 15.70748949813152 -0.0014831341106174
15.26 15.70745888717754 -0.0015789615512747
15.28 15.70742629840555 -0.0016809805410946
15.3 15.70739160402586 -0.0017895911249126
15.32 15.70735466799213 -0.0019052191950142
15.34 15.70731534546786 -0.0020283181611714
15.36 15.70727348225847 -0.0021593707285803
15.38 15.70722891420663 -0.0022988907906732
15.4 15.7071814665486 -0.0024474254442267
15.42 15.70713095322888 -0.0026055571346655
15.44 15.70707717617069 -0.0027739059399771
15.46 15.70701992449921 -0.0029531320021888
15.48 15.70695897371471 -0.0031439381159435
15.5 15.70689408481224 -0.0033470724843229
15.52 15.70682500334439 -0.0035633316527233
15.54 15.70675145842356 -0.0037935636322872
15.56 15.70667316165976 -0.0040386712251372
15.58 15.70658980602969 -0.0042996155644496
15.6 15.70650106467292 -0.0045774198832459
15.62 15.7064065896101 -0.0048731735266797
15.64 15.70630601037851 -0.0051880362235465
15.66 15.70619893257936 -0.0055232426337644
15.68 15.70608493633126 -0.0058801071896516
15.7 15.70596357462377 -0.0062600292499777
15.72 15.70583437156459 -0.0066644985869942
15.74 15.70569682051345 -0.0070951012279493
15.76 15.70555038209552 -0.0075535256739854
15.78 15.70539448208637 -0.0080415695207898
15.8 15.70522850916035 -0.0085611465069462
15.82 15.70505181249348 -0.0091142940176069
15.84 15.70486369921148 -0.009703181072887
15.86 15.70466343167288 -0.010330116832278
15.88 15.70445022457668 -0.010997559648401
15.9 15.70422324188307 -0.011708126705547
15.92 15.70398159353528 -0.012464604280779
15.94 15.70372433196963 -0.013269958667752
15.96 15.7034504484001 -0.014127347806018
15.98 15.70315886886292 -0.015040133661359
16.0 15.70284845000559 -0.016011895405562
16.02 15.70251797460396 -0.017046443447217
16.04 15.70216614678964 -0.018147834368407
16.06 15.70179158696924 -0.019320386825673
16.08 15.70139282641528 -0.020568698477416
16.1 15.70096830150794 -0.021897664003824
16.12 15.7005163476047 -0.023312494289711
16.14 15.70003519251423 -0.024818736845083
16.16 15.69952294954875 -0.026422297543076
16.18 15.69897761012779 -0.028129463759949
16.2 15.69839703590435 -0.029946929007218
16.22 15.69777895038276 -0.031881819151731
16.24 15.69712092999533 -0.033941720325529
16.26 15.69642039460313 -0.036134708633796
16.28 15.69567459738351 -0.03846938177599
16.3 15.69488061406526 -0.040954892702469
16.32 15.69403533146898 -0.043600985436558
16.34 15.69313543530842 -0.046418033200077
16.36 15.69217739720491 -0.049417078988891
16.38 15.69115746086457 -0.052609878753993
16.4 15.69007162736445 -0.056008947353186
16.42 15.68891563949047 -0.059627607448326
16.44 15.68768496506644 -0.063480041533637
16.46 15.68637477920962 -0.067581347291534
16.48 15.68497994544402 -0.071947596483933
16.5 15.6834949955989 -0.076595897598959
16.52 15.68191410841467 -0.081544462485453
16.54 15.68023108677432 -0.086812677220571
16.56 15.67843933347292 -0.092421177469045
16.58 15.67653182543287 -0.098391928606329
16.6 15.6745010862666 -0.10474831089171
16.62 15.67233915708283 -0.11151520999147
16.64 15.67003756542625 -0.11871911316618
16.66 15.66758729223416 -0.12638821144998
16.68 15.6649787366867 -0.13455250816299
16.7 15.66220167882058 -0.14324393411063
16.72 15.65924523976894 -0.15249646983503
16.74 15.6560978394825 -0.16234627529349
16.76 15.65274715177977 -0.17283182734658
16.78 15.64918005656608 -0.18399406544337
16.8 15.64538258905376 -0.19587654589178
16.82 15.64133988580782 -0.2085256050986
16.84 15.63703612743401 -0.22199053215302
16.86 15.63245447771884 -0.23632375111002
16.88 15.62757701902404 -0.25158101330175
16.9 15.62238468373223 -0.26782159996565
16.92 15.61685718153472 -0.28510853542266
16.94 15.61097292234889 -0.30350881096592
16.96 15.60470893465011 -0.32309361952427
16.98 15.59804077900293 -0.34393860104101
17.0 15.59094245657922 -0.36612409835138
17.02 15.58338631245708 -0.3897354231437
17.04 15.57534293350494 -0.41486313134134
17.06 15.5667810406716 -0.44160330693487
17.08 15.55766737552602 -0.47005785291386
17.1 15.54796658092219 -0.50033478748094
17.12 15.53764107570624 -0.53254854315977
17.14 15.52665092343753 -0.56682026571345
17.16 15.51495369516505 -0.60327810894582
17.18 15.50250432638947 -0.64205752043837
17.2 15.48925496845115 -0.68330151204602
17.22 15.4751548347232 -0.72716090749987
17.24 15.46015004215815 -0.77379455770002
17.26 15.4441834489459 -0.82336951217806
17.28 15.42719448929519 -0.87606113271302
17.3 15.4091190066599 -0.93205313213498
17.32 15.38988908710434 -0.99153751788218
17.34 15.36943289495032 -1.054714415822761
17.36 15.34767451338404 -1.121791745139426
17.38 15.32453379333838 -1.192984709640695
17.4 15.29992621471944 -1.26851506464691
17.42 15.2737627649323 -1.348610111566033
17.44 15.2459498406959 -1.433501364415365
17.46 15.21638918033694 -1.523422823902412
17.48 15.18497783513266 -1.618608785364488
17.5 15.15160818984356 -1.719291097098321
17.52 15.11616804434533 -1.82569577574654
17.54 15.0785407702314 -1.93803887599708
17.56 15.03860555839695 -2.056521503695548
17.58 14.99623777589598 -2.181323855690563
17.6 14.95130945272384 -2.312598167846113
17.62 14.90368992152018 -2.450460456654968
17.64 14.85324663537156 -2.5949809523066
17.66 14.79984619071782 -2.746173145017682
17.68 14.74335558356779 -2.903981405608318
17.7 14.68364372746004 -3.068267199854523
17.72 14.62058326043465 -3.238793998444169
17.74 14.55405266519235 -3.415211094574159
17.76 14.48393872101689 -3.597036682606166
17.78 14.41013929728286 -3.783640725084352
17.8 14.33256648582691 -3.974228339886382
17.82 14.25115005257346 -4.167824667501607
17.84 14.16584116722218 -4.36326241688605
17.86 14.07661634352457 -4.559173515169903
17.88 13.98348149222884 -4.753986470465564
17.9 13.88647595540242 -4.945931157836435
17.92 13.78567635667624 -5.133052709114769
17.94 13.6812000700862 -5.31323597914627
17.96 13.57320808462789 -5.484241632504685
17.98 13.46190702707487 -5.643754222215112
18.0 13.34755010690647 -5.789441722834244
18.02 13.23043676866545 -5.919024883823472
18.04 13.11091088156528 -6.030353583331131
18.06 12.98935736411515 -6.121486230317879
18.08 12.86619723015606 -6.190767357325656
18.1 12.74188114569597 -6.236898042139995
18.12 12.61688169376743 -6.258993835105207
18.14 12.49168464550743 -6.256625520281767
18.16 12.36677961761322 -6.22983927622148
18.18 12.24265054867833 -6.179154495073945
18.2 12.11976644261153 -6.105539449719109
18.22 11.99857280423112 -6.010366903446512
18.24 11.87948413337565 -5.895353376377972
18.26 11.76287775734107 -5.762486914258776
18.28 11.64908917819177 -5.613948737120519
18.3 11.53840900372813 -5.452034070895503
18.32 11.43108143002099 -5.279076870864851
18.34 11.3273041584105 -5.097382182382782
18.36 11.22722956633883 -4.909168728909903
18.38 11.13096691145521 -4.71652313895788
18.4 11.0385853311357 -4.52136615719877
18.42 10.95011740169407 -4.325430319101907
18.44 10.86556303863142 -4.130247943645908
18.46 10.78489354640014 -3.937147915267228
18.48 10.70805565875576 -3.747259556224679
18.5 10.634975444993 -3.561521890167092
18.52 10.56556199030407 -3.380696718076242
18.54 10.4997107882126 -3.205384122884333
18.56 10.437306808432 -3.036039250274576
18.58 10.37822722415973 -2.872989451077873
18.6 10.32234379883192 -2.716451095133914
18.62 10.26952494412746 -2.5665455654011
18.64 10.21963746910473 -2.423314108734409
18.66 10.17254804542049 -2.286731354928937
18.68 10.12812441625513 -2.156717420151754
18.7 10.08623637743032 -2.033148588254951
18.72 10.04675655875592 -1.915866617929404
18.74 10.00956103229765 -1.804686759582485
18.76 9.974529772343197 -1.699404587279173
18.78 9.94154698961695 -1.599801761654707
18.8 9.910501359937347 -1.505650842390102
18.82 9.881286165159382 -1.4167192660643
18.84 9.853799361987436 -1.332772598852843
18.86 9.82794359213625 -1.253577165068156
18.88 9.80362614539246 -1.178902142984408
18.9 9.780758885398942 -1.108521209507869
18.92 9.759258146450676 -1.042213805550383
18.94 9.739044608246684 -0.97976608476626
18.96 9.72004315437562 -0.92097159981523
18.98 9.702182719307728 -0.86563177261332
19.0 9.685396127806761 -0.81355618815989
19.02 9.669619929945611 -0.76456274546839
19.04 9.65479423429299 -0.71847769383767
19.06 9.640862541320714 -0.67513557812068
19.08 9.627771578648374 -0.63437911271097
19.1 9.615471139382265 -0.5960590006049
19.12 9.60391392450771 -0.56003371104018
19.14 9.593055390048688 -0.52616922679616
19.16 9.58285359950791 -0.49433877020687
19.18 9.57326908193704 -0.46442251523279
19.2 9.564264695854511 -0.4363072915126
19.22 9.555805499122176 -0.40988628512997
19.24 9.54785862480749 -0.3850587398472
19.26 9.540393162991284 -0.36172966174396
19.28 9.533380048429304 -0.33980952953038
19.3 9.526791953936028 -0.31921401225396
19.32 9.520603189329485 -0.29986369567138
19.34 9.514789605754183 -0.28168381819104
19.36 9.509328505184175 -0.26460401699699
19.38 9.504198554898554 -0.24855808472745
19.4 9.499379706716173 -0.23348373689113
19.42 9.494853120774268 -0.21932239005461
19.44 9.490601093636266 -0.20601895071575
19.46 9.486606990516652 -0.19352161468729
19.48 9.482855181415063 -0.18178167674497
19.5 9.479330980957227 -0.17075335024294
19.52 9.476020591746676 -0.16039359636189
19.54 9.472911051038155 -0.15066196262956
19.56 9.469990180551031 -0.14152043033708
19.58 9.467246539248627 -0.13293327046556
19.6 9.464669378917149 -0.1248669077346
19.62 9.462248602385658 -0.11728979238596
19.64 9.4599747242362 -0.11017227932106
19.66 9.457838833860764 -0.10348651421908
19.68 9.455832560729101 -0.097206326272515
19.7 9.453948041738614 -0.091307127188803
19.72 9.45217789052437 -0.085765816119434
19.74 9.450515168613975 -0.080560690191197
19.76 9.44895335831843 -0.075671360328263
19.78 9.447486337256107 -0.071078672067673
19.8 9.446108354412858 -0.066764631084825
19.82 9.444814007646783 -0.062712333159407
19.84 9.443598222551401 -0.058905898325755
19.86 9.44245623259602 -0.055330408964871
19.88 9.44138356046677 -0.051971851608123
19.9 9.440376000536265 -0.04881706223503
19.92 9.4394296023941 -0.045853674859434
19.94 9.438540655374359 -0.043070073209703
19.96 9.437705674020128 -0.040455345319564
19.98 9.436921384428528 -0.037999240856478
20.0 9.436184711423173 -0.035692131024397
20.02 9.435492766504118 -0.033524970887096
20.04 9.434842836528353 -0.031489263967192
20.06 9.434232373076701 -0.029577028984403
20.08 9.433658982465633 -0.027780768604554
20.1 9.433120416365014 -0.02609344007843
20.12 9.432614562985122 -0.024508427656676
20.14 9.432139438798513 -0.023019516673689
20.16 9.431693180764353 -0.021620869199805
20.18 9.431274039024828 -0.020307001167068
20.2 9.43088037004504 -0.019072760879523
20.22 9.43051063016956 -0.017913308824282
20.24 9.430163369570408 -0.016824098704648
20.26 9.429837226562776 -0.015800859621271
20.28 9.429530922266225 -0.01483957933176
20.3 9.429243255590455 -0.013936488523372
20.32 9.428973098526006 -0.013088046037294
20.34 9.428719391721445 -0.012290924986759
20.36 9.428481140329706 -0.011541999714695
20.38 9.428257410107303 -0.010838333539895
20.4 9.428047323751144 -0.010177167243738
20.42 9.427850057458584 -0.0095559082523996
20.44 9.427664837697229 -0.0089721204722088
20.46 9.42749093817183 -0.0084235147383347
20.48 9.427327676976403 -0.0079079398394021
20.5 9.42717441392037 -0.007423374082878
20.52 9.427030548018272 -0.0069679173681859
20.54 9.426895515133205 -0.0065397837364902
20.56 9.426768785764734 -0.006137294367957
20.58 9.426649862972619 -0.0057588709990513
20.6 9.426538280428207 -0.0054030297340713
20.62 9.426433600585864 -0.0050683752266663
20.64 9.426335412967256 -0.0047535952085321
20.66 9.426243332551772 -0.0044574553438369
20.68 9.426156998266766 -0.0041787943892098
20.7 9.426076071571707 -0.0039165196403167
20.72 9.42600023513068 -0.0036696026471727
20.74 9.425929191568029 -0.0034370751813963
20.76 9.425862662302275 -0.0032180254395917
20.78 9.425800386453726 -0.0030115944679773
20.8 9.425742119821503 -0.0028169727942409
20.82 9.425687633925958 -0.0026333972534157
20.84 9.425636715112753 -0.0024601479953342
20.86 9.425589163715063 -0.0022965456619247
20.88 9.425544793270623 -0.0021419487232823
20.9 9.425503429790566 -0.0019957509620733
20.92 9.425464911077169 -0.0018573790964033
20.94 9.425429086087822 -0.0017262905318335
20.96 9.425395814342755 -0.0016019712337272
20.98 9.425364965374177 -0.0014839337115875
21.0 9.42533641821468 -0.0013717151074779
21.02 9.425310060922887 -0.0012648753810334
21.04 9.425285790144501 -0.0011629955839452
21.06 9.425263510707028 -0.0010656762171525
21.08 9.425243135246573 -9.725356642975557E-4
21.1 9.425224583865267 -8.832086953051218E-4
21.12 9.425207783817965 -7.973450342161502E-4
21.14 9.425192669226991 -7.146079856593357E-4
21.16 9.425179180823812 -6.34673114576592E-4
21.18 9.425167265716632 -5.572269740240441E-4
21.2 9.42515687718299 -4.8196587606027857E-4
21.22 9.425147974486542 -4.0859470090153925E-4
21.24 9.42514052271733 -3.368257396761036E-4
21.26 9.425134492654885 -2.6637756623801973E-4
21.28 9.42512986065365 -1.9697393361637765E-4
21.3 9.425126608550254 -1.2834269077556816E-4
21.32 9.425124723592292 -6.021471543393576E-5
21.34 9.425124198388317 7.677141238018284E-6
21.36 9.425125030878861 7.559910218298248E-5
21.38 9.425127224328351 1.4381750839157886E-4
21.4 9.425130787337918 2.1259986329830857E-4
21.42 9.425135733879118 2.822158817380485E-4
21.44 9.425142083348724 3.529385475720211E-4
21.46 9.425149860644781 4.250451841338806E-4
21.48 9.425159096264241 4.988185416911809E-4
21.5 9.42516982642255 5.745479061875268E-4
21.52 9.425182093195658 6.525302336128161E-4
21.54 9.425195944685011 7.330713144502343E-4
21.56 9.42521143520617 8.164869727645997E-4
21.58 9.425228625501796 9.031043046359715E-4
21.6 9.425247582979842 9.932629607926621E-4
21.62 9.425268381977876 0.0010873164784755
21.64 9.425291104054576 0.0011856336677537
21.66 9.425315838309552 0.0012886000577292
21.68 9.425342681732726 0.001396619408301
21.7 9.42537173958465 0.0015101152934171
21.72 9.425403125809273 0.0016295327620204
21.74 9.425436963480741 0.0017553400832057
21.76 9.425473385286002 0.0018880305824259
21.78 9.425512534045111 0.0020281245759508
21.8 9.425554563271264 0.0021761714111627
21.82 9.425599637772768 0.0023327516206883
21.84 9.425647934299297 0.0024984791988148
21.86 9.425699642234974 0.0026740040091161
21.88 9.425754964341 0.0028600143327268
21.9 9.425814117550727 0.0030572395672595
21.92 9.425877333820324 0.0032664530869452
21.94 9.425944861038328 0.0034884752752119
21.96 9.426016963997678 0.0037241767415923
21.98 9.426093925434045 0.0039744817355706
22.0 9.426176047134504 0.0042403717707575
22.02 9.426263651120917 0.0045228894735986
22.04 9.426357080912666 0.0048231426717071
22.06 9.426456702873668 0.0051423087378486
22.08 9.426562907648982 0.0054816392066069
22.1 9.426676111696615 0.0058424646818309
22.12 9.42679675892055 0.0062262000540977
22.14 9.426925322411396 0.0066343500486458
22.16 9.427062306301467 0.0070685151255239
22.18 9.427208247741594 0.0075303977550799
22.2 9.427363719007395 0.0080218090933864
22.22 9.427529329743272 0.0085446760837626
22.24 9.427705729352931 0.0091010490122222
22.26 9.42789360954579 0.0096931095464509
22.28 9.428093707049271 0.010323179289808
22.3 9.428306806497591 0.010993728883868
22.32 9.428533743508392 0.011707387695144
22.34 9.428775407959255 0.012466954123946
22.36 9.429032747476954 0.013275406575726
22.38 9.429306771153111 0.014135915137868
22.4 9.42959855350082 0.015051854007632
22.42 9.429909238667749 0.016026814719873
22.44 9.43024004492222 0.017064620226294
22.46 9.430592269429842 0.018169339881284
22.48 9.430967293339421 0.019345305392936
22.5 9.431366587198043 0.020597127801575
22.52 9.431791716716572 0.021929715552111
22.54 9.432244348908096 0.023348293730784
22.56 9.432726258623388 0.024858424541337
22.58 9.433239335508945 0.026466029100477
22.6 9.433785591414828 0.028177410637525
22.62 9.43436716828128 0.029999279188576
22.64 9.43498634653498 0.0319387778812
22.66 9.435645554027734 0.034003510911784
22.68 9.436347375552538 0.036201573324074
22.7 9.437094562974177 0.038541582704268
22.72 9.437890046013922 0.041032712915265
22.74 9.43873694373036 0.043684730000309
22.76 9.43963857674115 0.046508030394338
22.78 9.440598480233298 0.049513681589927
22.8 9.441620417812588 0.052713465413678
22.82 9.442708396246008 0.056119924078446
22.84 9.443866681154443 0.059746409186749
22.86 9.445099813716478 0.063607133871227
22.88 9.44641262844802 0.067717228269007
22.9 9.447810272126458 0.072092798538333
22.92 9.44929822393243 0.07675098963781
22.94 9.450882316886701 0.081710052101103
22.96 9.45256876066455 0.086989413052819
22.98 9.454364165875011 0.092609751724616
23.0 9.456275569897728 0.098593079744234
23.02 9.458310464375671 0.10496282648398
23.04 9.460476824467917 0.11174392976929
23.06 9.462783139972819 0.1189629322618
23.08 9.465238448438295 0.1266480838454
23.1 9.467852370382717 0.13482945035673
23.12 9.47063514675678 0.14353902901439
23.14 9.473597678783996 0.15281087091228
23.16 9.476751570324799 0.16268121095251
23.18 9.480109172916908 0.17318860560061
23.2 9.483683633652226 0.18437407885045
23.22 9.48748894605839 0.19628127678721
23.24 9.491540004160747 0.20895663113232
23.26 9.495852659908191 0.22244953214408
23.28 9.50044378415355 0.23681251122926
23.3 9.505331331386058 0.25210143359309
23.32 9.51053440841966 0.2683757012144
23.34 9.516073347246051 0.28569846637747
23.36 9.521969782265294 0.30413685591813
23.38 9.52824673210913 0.32376220624468
23.4 9.534928686272012 0.34465030906962
23.42 9.542041696762206 0.36688166762975
23.44 9.549613474978842 0.39054176297212
23.46 9.557673494009984 0.41572132963395
23.48 9.566253096530353 0.44251663973453
23.5 9.575385608454007 0.47102979411447
23.52 9.585106458465441 0.50136901868793
23.54 9.595453303510328 0.5336489635985
23.56 9.606466160272182 0.56799100206979
23.58 9.618187542590789 0.60452352499262
23.6 9.630662604689192 0.64338222626403
23.62 9.643939289964301 0.68471037265707
23.64 9.658068484957382 0.72865905051567
23.66 9.673104177949373 0.77538737979379
23.68 9.68910362141576 0.82506268384256
23.7 9.706127497319489 0.87786060083905
23.72 9.72424008390935 0.93396511978468
23.74 9.743509422315964 0.99356852051485
23.76 9.764007480786556 1.056871193085496
23.78 9.785810313860835 1.124081307167223
23.8 9.808998213149609 1.195414296617347
23.82 9.833655845620022 1.271092118158617
23.84 9.859872374400712 1.351342236032539
23.86 9.88774155608001 1.436396276609469
23.88 9.917361807264507 1.526488288270237
23.9 9.94883623177924 1.621852532541224
23.92 9.982272598313086 1.722720722686716
23.94 10.01778325653816 1.829318616102899
23.96 10.05548497776371 1.941861857474249
23.98 10.09549870404007 2.060550961555769
24.0 10.13794918734391 2.185565318766712
24.02 10.18296449811389 2.317056105055645
24.04 10.23067538006569 2.455137981731722
24.06 10.28121442604023 2.599879483705222
24.08 10.33471504782908 2.751292018976941
24.1 10.39131021174652 2.909317441963956
24.12 10.45113091152602 3.073814222512486
24.14 10.51430435134378 3.244542315605613
24.16 10.58095181493463 3.421146947971347
24.18 10.65118620246036 3.603141680244829
24.2 10.72510922565928 3.789891278290074
24.22 10.80280826448604 3.9805951326822
24.24 10.884352905489 4.174272194170731
24.26 10.96979120391379 4.369748631415077
24.28 11.0591457379518 4.565649643243008
24.3 11.15240955412169 4.760397039593504
24.32 11.24954213620707 4.952214302586249
24.34 11.35046556431799 5.139140804636379
24.36 11.45506106237222 5.319056645725708
24.38 11.56316615756538 5.489719135571985
24.4 11.67457268951698 5.64881126577597
24.42 11.78902590487899 5.794001600588002
24.44 11.90622485099187 5.923013913728037
24.46 12.02582423688827 6.033703712139186
24.48 12.14743786124789 6.124137660005791
24.5 12.27064361768619 6.192671021310886
24.52 12.39498998443589 6.238017751157978
24.54 12.52000379767768 6.259307924237439
24.56 12.6451990072375 6.256127860661475
24.58 12.77008603223987 6.228539564697767
24.6 12.89418128307997 6.177077796614647
24.62 13.01701640165952 6.102725032313247
24.64 13.13814679619993 6.006866464772549
24.66 13.25715910676643 5.891228807664798
24.68 13.37367732491028 5.757807774290382
24.7 13.48736739444435 5.608789616326302
24.72 13.59794022807668 5.446472013419921
24.74 13.7051531751004 5.273188995577707
24.76 13.8088100597106 5.09124360762483
24.78 13.90875997228033 4.902850866266521
24.8 14.00489503507982 4.710092383636799
24.82 14.09714738051408 4.514882970365059
24.84 14.18548557725007 4.318948672880833
24.86 14.26991072212169 4.123815083039948
24.88 14.3504523883219 3.930804382402764
24.9 14.42716458768283 3.741039419882599
24.92 14.5001218706231 3.555453125872045
24.94 14.56941565448104 3.374801689519357
24.96 14.63515084136629 3.199680122719055
24.98 14.69744276142067 3.030539066229356
25.0 14.75641445687399 2.867701931062159
25.02 14.8121943064154 2.711381692054783
25.04 14.86491397776817 2.561696848475093
25.06 14.91470668837215 2.418686233070295
25.08 14.9617057491007 2.282322485092212
25.1 15.00604336333368 2.152524106395374
25.12 15.04784965289661 2.029166096246237
25.14 15.08725188286139 1.912089214265541
25.16 15.12437385857322 1.801107956307664
25.18 15.15933547019551 1.696017349122425
25.2 15.19225236229979 1.596598679907578
25.22 15.22323570838489 1.502624279326988
25.24 15.25239207255971 1.413861473646195
25.26 15.27982334287654 1.330075815202084
25.28 15.3056267229041 1.251033691897849
25.3 15.32989477004826 1.176504406840976
25.32 15.35271547085203 1.106261809358849
25.34 15.37417234503363 1.040085548935587
25.36 15.39434457135949 0.97776201443718
25.38 15.41330712961034 0.91908501251953
25.4 15.43113095389837 0.86385623144041
25.42 15.44788309344806 0.81188552965019
25.44 15.4636268776789 0.76299108250161
25.46 15.47842208304155 0.71699941515281
25.48 15.4923250995733 0.67374534518024
25.5 15.50538909556915 0.63307185450181
25.52 15.51766417912242 0.59482990686561
25.54 15.52919755558467 0.5588782243186
25.56 15.54003368023832 0.52508303366694
25.58 15.55021440567484 0.49331779191814
25.6 15.55977912353357 0.46346289799915
25.62 15.5687649003877 0.43540539662894
25.64 15.57720660766935 0.40903867904509
25.66 15.58513704560932 0.38426218430651
25.68 15.59258706123363 0.36098110408646
25.7 15.59958566051002 0.33910609320482
25.72 15.60616011477705 0.3185529876031
25.74 15.61233606161793 0.29924253101952
25.76 15.61813760036266 0.28110011125945
25.78 15.62358738241661 0.26405550666309
25.8 15.62870669662377 0.24804264313642
25.82 15.6335155498778 0.23299936192337
25.84 15.63803274319633 0.21886719814768
25.86 15.64227594347305 0.20559117003644
25.88 15.6462617511198 0.19311957864646
25.9 15.65000576380607 0.18140381784606
25.92 15.65352263649828 0.17039819425346
25.94 15.65682613799469 0.16005975679627
25.96 15.65992920414456 0.150348135531
25.98 15.66284398793336 0.1412253893456
26.0 15.6655819066075 0.13265586215935
26.02 15.66815368600486 0.12460604723169
26.04 15.67056940224933 0.1170444591933
26.06 15.6728385209601 0.10994151341847
26.08 15.67496993411853 0.10326941236566
26.1 15.67697199472866 0.097002038523558
26.12 15.67885254939962 0.091114853611661
26.14 15.68061896897187 0.085584803697127
26.16 15.68227817730215 0.080390229903093
26.18 15.68383667831593 0.075510784397545
26.2 15.68530058143 0.070927351365781
26.22 15.6866756254419 0.066621972683519
26.24 15.68796720097761 0.062577778021512
26.26 15.68918037158352 0.058778919126105
26.28 15.6903198935437 0.055210508033354
26.3 15.69139023449889 0.051858558987162
26.32 15.69239559093907 0.048709933844195
26.34 15.69333990463727 0.045752290760238
26.36 15.69422687808831 0.042974035964023
26.38 15.69505998901231 0.040364278435403
26.4 15.69584250397945 0.037912787315147
26.42 15.69657749120875 0.035609951883447
26.44 15.69726783259098 0.033446743953638
26.46 15.69791623498222 0.031414682536486
26.48 15.69852524081237 0.02950580063883
26.5 15.6990972380499 0.027712614068336
26.52 15.69963446956169 0.026028092123643
26.54 15.70013904190461 0.024445630056315
26.56 15.70061293358319 0.022959023197706
26.58 15.70105800280555 0.021562442650213
26.6 15.7014759947681 0.020250412448358
26.62 15.70186854849733 0.019017788100753
26.64 15.70223720327565 0.017859736429348
26.66 15.70258340467619 0.016771716627331
26.68 15.70290851023046 0.015749462461753
26.7 15.70321379475084 0.014788965551406
26.72 15.70350045532889 0.013886459654608
26.74 15.70376961602891 0.013038405905502
26.76 15.70402233229538 0.012241478941137
26.78 15.70425959509121 0.011492553865076
26.8 15.70448233478336 0.010788693996526
26.82 15.7046914247908 0.010127139357049
26.84 15.70488768500922 0.0095052958497839
26.86 15.70507188502594 0.0089207250888193
26.88 15.7052447471375 0.008371134838884
26.9 15.70540694918192 0.0078543700279167
26.92 15.70555912719654 0.0073684042973081
26.94 15.70570187791208 0.0069113320567137
26.96 15.70583576109248 0.0064813610123069
26.98 15.70596130172986 0.0060768051391967
27.0 15.70607899210312 0.0056960780704683
27.02 15.70618929370825 0.005337686876941
27.04 15.70629263906795 0.0050002262132602
27.06 15.70638943342769 0.0046823728073829
27.08 15.70648005634471 0.0043828802718546
27.1 15.70656486317639 0.004100574216538
27.12 15.7066441864737 0.0038343476436368
27.14 15.70671833728516 0.0035831566069582
27.16 15.70678760637663 0.0033460161184018
27.18 15.70685226537135 0.0031219962856224
27.2 15.70691256781519 0.0029102186657256
27.22 15.70696875017072 0.0027098528207005
27.24 15.70702103274458 0.0025201130610837
27.26 15.70706962055126 0.002340255365088
27.28 15.70711470411705 0.0021695744611147
27.3 15.70715646022715 0.0020074010622109
27.32 15.70719505261889 0.0018530992416301
27.34 15.70723063262378 0.0017060639392016
27.36 15.70726333976094 0.0015657185887351
27.38 15.70729330228416 0.0014315128571555
27.4 15.70732063768484 0.0013029204865026
27.42 15.7073454531527 0.001179437230334
27.44 15.70736784599613 0.0010605788764415
27.46 15.7073879040237 9.458793481249736E-4
27.48 15.70740570588853 8.348888765798612E-4
27.5 15.70742132139671 7.271722372323222E-4
27.52 15.70743481178099 6.223070431042709E-4
27.54 15.70744622994093 5.198820885198258E-4
27.56 15.70745562065034 4.194957366548919E-4
27.58 15.70746302073279 3.2075434460824865E-4
27.6 15.70746845920608 2.2327071982030527E-4
27.62 15.70747195739597 1.2666260178375907E-4
27.64 15.70747352901985 3.055116309501133E-5
27.66 15.70747318024049 -6.544047603326292E-5
27.68 15.70747090969022 -1.6168872562095758E-4
27.7 15.70746670846558 -2.585710019292181E-4
27.72 15.70746056009241 -3.564672074132936E-4
27.74 15.7074524404612 -4.5576122042523823E-4
27.76 15.70744231773261 -5.568424005066685E-4
27.78 15.7074301522126 -6.601071151748521E-4
27.8 15.70741589619677 -7.659602941889608E-4
27.82 15.70739949378329 -8.748170173906021E-4
27.84 15.70738088065373 -9.871041423453294E-4
27.86 15.70735998382081 -0.0011032619781675
27.88 15.70733672134221 -0.0012237460120922
27.9 15.70731100199927 -0.0013490286955641
27.92 15.70728272493926 -0.0014796012968463
27.94 15.70725177927994 -0.0016159758274147
27.96 15.70721804367476 -0.0017586870496911
27.98 15.70718138583702 -0.0019082945739872
28.0 15.7071416620211 -0.0020653850528824
28.02 15.70709871645887 -0.002230574481641
28.04 15.70705238074882 -0.002404510613686
28.06 15.70700247319575 -0.0025878755006033
28.08 15.70694879809825 -0.0027813881666343
28.1 15.70689114498137 -0.0029858074281448
28.12 15.70682928777122 -0.0032019348691237
28.14 15.70676298390853 -0.0034306179843793
28.16 15.70669197339748 -0.0036727535027565
28.18 15.7066159777862 -0.003929290903405
28.2 15.7065346990749 -0.0042012361388848
28.22 15.70644781854732 -0.0044896555797046
28.24 15.70635499552099 -0.0047956801957599
28.26 15.70625586601128 -0.0051205099910626
28.28 15.7061500413042 -0.0054654187091481
28.3 15.70603710643211 -0.0058317588276054
28.32 15.70591661854656 -0.0062209668613096
28.34 15.70578810518178 -0.0066345689951451
28.36 15.70565106240205 -0.0070741870682968
28.38 15.70550495282564 -0.0075415449335664
28.4 15.70534920351766 -0.0080384752166356
28.42 15.70518320374348 -0.0085669265017653
28.44 15.70500630257392 -0.0091289709720917
28.46 15.70481780633287 -0.0097268125344526
28.48 15.70461697587729 -0.010362795460578
28.5 15.70440302369895 -0.011039413578495
28.52 15.70417511083651 -0.01175932005015
28.54 15.70393234358594 -0.012525337773539
28.56 15.70367376999623 -0.013340470450078
28.58 15.70339837613681 -0.01420791436054
28.6 15.70310508212193 -0.015131070895652
28.62 15.70279273787652 -0.016113559890378
28.64 15.70246011862686 -0.017159233814064
28.66 15.70210592009845 -0.018272192871925
28.68 15.70172875340227 -0.019456801076916
28.7 15.7013271395893 -0.020717703354789
28.72 15.70089950385215 -0.022059843749156
28.74 15.70044416935093 -0.023488484797601
28.76 15.6999593506393 -0.025009228154471
28.78 15.69944314666492 -0.02662803654072
28.8 15.69889353331691 -0.028351257106333
28.82 15.6983083554912 -0.030185646296266
28.84 15.69768531864273 -0.032138396316592
28.86 15.69702197979145 -0.034217163303645
28.88 15.69631573794704 -0.036430097305451
28.9 15.69556382391486 -0.038785874191561
28.92 15.69476328944347 -0.041293729614714
28.94 15.69391099567123 -0.043963495155391
28.96 15.69300360082711 -0.046805636788508
28.98 15.69203754713767 -0.049831295820034
29.0 15.69100904688929 -0.053052332450417
29.02 15.68991406759155 -0.056481372131222
29.04 15.68874831618406 -0.060131854891428
29.06 15.68750722222546 -0.064018087820394
29.08 15.68618591999962 -0.068155300905542
29.1 15.68477922946981 -0.072559706434352
29.12 15.68328163600729 -0.077248562182329
29.14 15.68168726881637 -0.082240238621102
29.16 15.67998987797309 -0.087554290393776
29.18 15.67818280998952 -0.093211532318011
29.2 15.67625898181044 -0.099234120190938
29.22 15.67421085314358 -0.10564563668395
29.24 15.67203039701847 -0.11247118262941
29.26 15.66970906846309 -0.11973747401526
29.28 15.66723777118078 -0.12747294501728
29.3 15.66460682210327 -0.13570785741196
29.32 15.66180591368875 -0.14447441672538
29.34 15.65882407382644 -0.15380689548479
29.36 15.65564962320214 -0.16374176394903
29.38 15.65227012997103 -0.17431782870126
29.4 15.64867236157686 -0.18557637949184
29.42 15.64484223354853 -0.19756134471918
29.44 15.64076475509743 -0.21031945593208
29.46 15.63642397133146 -0.22390042172549
29.48 15.63180290189421 -0.23835711138283
29.5 15.6268834758311 -0.2537457485884
29.52 15.62164646247815 -0.27012611549197
29.54 15.61607139816409 -0.28756176735005
29.56 15.61013650851248 -0.30612025789268
29.58 15.60381862612873 -0.32587337546463
29.6 15.5970931034572 -0.3468973898622
29.62 15.58993372059628 -0.36927330962454
29.64 15.58231258786678 -0.39308714933344
29.66 15.57420004293972 -0.41843020622047
29.68 15.56556454234715 -0.44539934506339
29.7 15.55637254722351 -0.47409728996263
29.72 15.5465884031579 -0.50463292110879
29.74 15.53617421408121 -0.53712157406557
29.76 15.52508971016829 -0.57168533837797
29.78 15.51329210980776 -0.60845335144984
29.8 15.50073597578303 -0.64756208258788
29.82 15.48737306592261 -0.68915560084868
29.84 15.47315217861977 -0.7333858188131
29.86 15.45801899379625 -0.78041270260373
29.88 15.44191591010001 -0.83040443630768
29.9 15.42478187938788 -0.88353752641205
29.92 15.40655223986169 -0.93999682884304
29.94 15.38715854960892 -0.99997547765513
29.96 15.36652842275834 -1.063674690275459
29.98 15.34458537100992 -1.131303419400912
30.0 15.32124865395066 -1.203077816106772
30.02 15.29643314233829 -1.279220462399637
30.04 15.27004919944079 -1.3599593243008
30.06 15.24200258657574 -1.445526368575981
30.08 15.21219440021792 -1.536155777483789
30.1 15.18052104944864 -1.632081686523828
30.12 15.1468742841189 -1.733535360358921
30.14 15.11114128589311 -1.840741712246213
30.16 15.07320483632836 -1.953915063019365
30.18 15.03294357830543 -2.073254027759334
30.2 14.99023238942389 -2.198935412945496
30.22 14.94494288833838 -2.331107005670527
30.24 14.89694409734408 -2.469879141494071
30.26 14.84610328666682 -2.615314951313603
30.28 14.79228702767077 -2.767419213442219
30.3 14.7353624832867 -2.926125778660175
30.32 14.67519896403008 -3.091283597550662
30.34 14.61166977657713 -3.262641465319455
30.36 14.5446543884702 -3.439831713620284
30.38 14.4740409265293 -3.622353224722506
30.4 14.39972901730997 -3.80955432164196
30.42 14.32163296483796 -4.000616296115626
30.44 14.23968524333481 -4.194538566897391
30.46 14.15384026041088 -4.390126699210233
30.48 14.06407831930588 -4.585984739201972
30.5 13.97040967781579 -4.780513492393511
30.52 13.87287856791962 -4.971916460956509
30.54 13.77156700606407 -5.158215103600652
30.56 13.66659819280444 -5.337274845707527
30.58 13.55813927616076 -5.506842806200631
30.6 13.4464032403724 -5.664597501414897
30.62 13.33164968556417 -5.808209847392056
30.64 13.21418428834435 -5.935413666475543
30.66 13.09435678110908 -6.044082716262919
30.68 12.97255735885309 -6.132310147235865
30.7 12.84921151333364 -6.198485434821134
30.72 12.72477339871984 -6.241363394854284
30.74 12.59971794047665 -6.260120011767656
30.76 12.47453199830759 -6.254390544564073
30.78 12.34970497244087 -6.224286685623351
30.8 12.2257192901871 -6.17039128736336
30.82 12.10304122008214 -6.093731115252651
30.84 11.98211243262887 -5.995729965958991
30.86 11.86334266353567 -5.87814605239365
30.88 11.74710374582303 -5.742998610901419
30.9 11.63372517256482 -5.592489132692385
30.92 11.52349124457755 -5.428922469009617
30.94 11.41663975821144 -5.254632404803279
30.96 11.3133621060771 -5.07191529528844
30.98 11.21380460319946 -4.882974191751023
31.0 11.11807081437999 -4.689874712881652
31.02 11.02622464414458 -4.494512874929987
31.04 10.9382939551191 -4.29859425974004
31.06 10.85427449941335 -4.103623308760948
31.08 10.77413397572966 -3.910901179138426
31.1 10.69781605794115 -3.721530454065075
31.12 10.62524427508124 -3.536425018625708
31.14 10.55632565528002 -3.35632354559793
31.16 10.4909540753537 -3.181805237830701
31.18 10.42901328251117 -3.013306707474637
31.2 10.3703795746531 -2.851139109393505
31.22 10.31492414114069 -2.695504867594159
31.24 10.26251507713581 -2.546513528358646
31.26 10.21301909225467 -2.404196436934609
31.28 10.16630293897924 -2.268520065459582
31.3 10.12223458866366 -2.139397920364529
31.32 10.08068418362748 -2.016701031472772
31.34 10.04152479323306 -1.900267076680163
31.36 10.00463300040321 -1.789908229811071
31.38 9.969889343065256 -1.68541783900914
31.4 9.937178632752791 -1.586576052344984
31.42 9.906390170233967 -1.49315450912661
31.44 9.877417875692311 -1.404920212030902
31.46 9.850160348746474 -1.321638688462951
31.48 9.824520871511563 -1.243076540872796
31.5 9.800407366005556 -1.169003476123616
31.52 9.777732315501287 -1.099193894122406
31.54 9.756412657917435 -1.033428106274297
31.56 9.736369658022924 -0.9714932452114
31.58 9.717528764085335 -0.91318391885462
31.6 9.69981945360998 -0.85830265427893
31.62 9.683175071975908 -0.80666017009207
31.64 9.667532667061728 -0.75807551008457
31.66 9.652832822352056 -0.71237606571933
31.68 9.639019490510094 -0.66939751054149
31.7 9.626039828979703 -0.62898366573554
31.72 9.613844038829608 -0.59098631276753
31.74 9.6023852077623 -0.55526496625707
31.76 9.591619157971585 -0.52168661786425
31.78 9.581504299337458 -0.49012545999058
31.8 9.572001488288135 -0.46046259642888
31.82 9.56307389253071 -0.43258574570749
31.84 9.554686861748893 -0.40638894171784
31.86 9.546807804284405 -0.3817722352563
31.88 9.539406069754173 -0.35864139931883
31.9 9.532452837505394 -0.33690764033558
31.92 9.525921010772355 -0.31648731699816
31.94 9.519785116370336 -0.2973016678956
31.96 9.514021209741255 -0.27927654882086
31.98 9.508606785151506 -0.26234218032255
32.0 9.503520690833253 -0.2464329058466
