    0.00000
    0.02000
    0.04000
    0.06000
    0.08000
    0.10000
    0.12000
    0.14000
    0.16000
    0.18000
    0.20000
    0.22000
    0.24000
    0.26000
    0.28000
    0.30000
    0.32000
    0.34000
    0.36000
    0.38000
    0.40000
    0.42000
    0.44000
    0.46000
    0.48000
    0.50000
    0.52000
    0.54000
    0.56000
    0.58000
    0.60000
    0.62000
    0.64000
    0.66000
    0.68000
    0.70000
    0.72000
    0.74000
    0.76000
    0.78000
    0.80000
    0.82000
    0.84000
    0.86000
    0.88000
    0.90000
    0.92000
    0.94000
    0.96000
    0.98000
    1.00000
    1.02000
    1.04000
    1.06000
    1.08000
    1.10000
    1.12000
    1.14000
    1.16000
    1.18000
    1.20000
    1.22000
    1.24000
    1.26000
    1.28000
    1.30000
    1.32000
    1.34000
    1.36000
    1.38000
    1.40000
    1.42000
    1.44000
    1.46000
    1.48000
    1.50000
    1.52000
    1.54000
    1.56000
    1.58000
    1.60000
    1.62000
    1.64000
    1.66000
    1.68000
    1.70000
    1.72000
    1.74000
    1.76000
    1.78000
    1.80000
    1.82000
    1.84000
    1.86000
    1.88000
    1.90000
    1.92000
    1.94000
    1.96000
    1.98000
    2.00000
    0.00000
    0.01000
    0.02003
    0.03011
    0.04026
    0.05051
    0.06088
    0.07140
    0.08210
    0.09301
    0.10417
    0.11559
    0.12733
    0.13943
    0.15191
    0.16484
    0.17825
    0.19222
    0.20680
    0.22207
    0.23810
    0.25498
    0.27282
    0.29173
    0.31185
    0.33333
    0.35636
    0.38114
    0.40793
    0.43701
    0.46875
    0.50357
    0.54201
    0.58469
    0.63244
    0.68627
    0.74751
    0.81786
    0.89962
    0.99591
    1.11111
    1.25153
    1.42663
    1.65131
    1.95035
    2.36842
    2.99479
    4.03780
    6.12245
   12.37374
        Inf
  -12.62376
   -6.37255
   -4.28803
   -3.24519
   -2.61905
   -2.20126
   -1.90254
   -1.67824
   -1.50357
   -1.36364
   -1.24898
   -1.15327
   -1.07216
   -1.00251
   -0.94203
   -0.88901
   -0.84213
   -0.80038
   -0.76294
   -0.72917
   -0.69854
   -0.67064
   -0.64510
   -0.62164
   -0.60000
   -0.57998
   -0.56139
   -0.54408
   -0.52793
   -0.51282
   -0.49865
   -0.48532
   -0.47277
   -0.46093
   -0.44974
   -0.43913
   -0.42908
   -0.41953
   -0.41044
   -0.40179
   -0.39353
   -0.38565
   -0.37811
   -0.37090
   -0.36398
   -0.35736
   -0.35099
   -0.34488
   -0.33899
   -0.33333
