   1.0000e-03  -2.1844e+05
   1.1000e-02  -3.9091e+03
   2.1000e-02  -1.2695e+03
   3.1000e-02  -6.3644e+02
   4.1000e-02  -3.8475e+02
   5.1000e-02  -2.5839e+02
   6.1000e-02  -1.8564e+02
   7.1000e-02  -1.3981e+02
   8.1000e-02  -1.0902e+02
   9.1000e-02  -8.7315e+01
   1.0100e-01  -7.1425e+01
   1.1100e-01  -5.9441e+01
   1.2100e-01  -5.0177e+01
   1.3100e-01  -4.2868e+01
   1.4100e-01  -3.7000e+01
   1.5100e-01  -3.2219e+01
   1.6100e-01  -2.8271e+01
   1.7100e-01  -2.4976e+01
   1.8100e-01  -2.2197e+01
   1.9100e-01  -1.9832e+01
   2.0100e-01  -1.7805e+01
   2.1100e-01  -1.6053e+01
   2.2100e-01  -1.4530e+01
   2.3100e-01  -1.3198e+01
   2.4100e-01  -1.2027e+01
   2.5100e-01  -1.0992e+01
   2.6100e-01  -1.0074e+01
   2.7100e-01  -9.2548e+00
   2.8100e-01  -8.5220e+00
   2.9100e-01  -7.8637e+00
   3.0100e-01  -7.2705e+00
   3.1100e-01  -6.7342e+00
   3.2100e-01  -6.2480e+00
   3.3100e-01  -5.8059e+00
   3.4100e-01  -5.4029e+00
   3.5100e-01  -5.0347e+00
   3.6100e-01  -4.6974e+00
   3.7100e-01  -4.3879e+00
   3.8100e-01  -4.1032e+00
   3.9100e-01  -3.8408e+00
   4.0100e-01  -3.5986e+00
   4.1100e-01  -3.3746e+00
   4.2100e-01  -3.1670e+00
   4.3100e-01  -2.9745e+00
   4.4100e-01  -2.7956e+00
   4.5100e-01  -2.6291e+00
   4.6100e-01  -2.4739e+00
   4.7100e-01  -2.3292e+00
   4.8100e-01  -2.1940e+00
   4.9100e-01  -2.0675e+00
   5.0100e-01  -1.9490e+00
   5.1100e-01  -1.8380e+00
   5.2100e-01  -1.7338e+00
   5.3100e-01  -1.6359e+00
   5.4100e-01  -1.5439e+00
   5.5100e-01  -1.4572e+00
   5.6100e-01  -1.3757e+00
   5.7100e-01  -1.2987e+00
   5.8100e-01  -1.2261e+00
   5.9100e-01  -1.1576e+00
   6.0100e-01  -1.0928e+00
   6.1100e-01  -1.0315e+00
   6.2100e-01  -9.7355e-01
   6.3100e-01  -9.1862e-01
   6.4100e-01  -8.6657e-01
   6.5100e-01  -8.1721e-01
   6.6100e-01  -7.7037e-01
   6.7100e-01  -7.2590e-01
   6.8100e-01  -6.8364e-01
   6.9100e-01  -6.4348e-01
   7.0100e-01  -6.0528e-01
   7.1100e-01  -5.6893e-01
   7.2100e-01  -5.3432e-01
   7.3100e-01  -5.0135e-01
   7.4100e-01  -4.6994e-01
   7.5100e-01  -4.3998e-01
   7.6100e-01  -4.1141e-01
   7.7100e-01  -3.8415e-01
   7.8100e-01  -3.5813e-01
   7.9100e-01  -3.3327e-01
   8.0100e-01  -3.0953e-01
   8.1100e-01  -2.8683e-01
   8.2100e-01  -2.6513e-01
   8.3100e-01  -2.4438e-01
   8.4100e-01  -2.2452e-01
   8.5100e-01  -2.0552e-01
   8.6100e-01  -1.8733e-01
   8.7100e-01  -1.6991e-01
   8.8100e-01  -1.5322e-01
   8.9100e-01  -1.3722e-01
   9.0100e-01  -1.2190e-01
   9.1100e-01  -1.0720e-01
   9.2100e-01  -9.3108e-02
   9.3100e-01  -7.9590e-02
   9.4100e-01  -6.6620e-02
   9.5100e-01  -5.4174e-02
   9.6100e-01  -4.2227e-02
   9.7100e-01  -3.0757e-02
   9.8100e-01  -1.9743e-02
   9.9100e-01  -9.1642e-03
   1.0010e+00   9.9800e-04
   1.0110e+00   1.0762e-02
   1.0210e+00   2.0145e-02
   1.0310e+00   2.9163e-02
   1.0410e+00   3.7831e-02
   1.0510e+00   4.6166e-02
   1.0610e+00   5.4180e-02
   1.0710e+00   6.1886e-02
   1.0810e+00   6.9299e-02
   1.0910e+00   7.6428e-02
   1.1010e+00   8.3287e-02
   1.1110e+00   8.9886e-02
   1.1210e+00   9.6236e-02
   1.1310e+00   1.0235e-01
   1.1410e+00   1.0823e-01
   1.1510e+00   1.1389e-01
   1.1610e+00   1.1933e-01
   1.1710e+00   1.2458e-01
   1.1810e+00   1.2962e-01
   1.1910e+00   1.3448e-01
   1.2010e+00   1.3916e-01
   1.2110e+00   1.4366e-01
   1.2210e+00   1.4799e-01
   1.2310e+00   1.5216e-01
   1.2410e+00   1.5618e-01
   1.2510e+00   1.6005e-01
   1.2610e+00   1.6377e-01
   1.2710e+00   1.6735e-01
   1.2810e+00   1.7080e-01
   1.2910e+00   1.7412e-01
   1.3010e+00   1.7732e-01
   1.3110e+00   1.8040e-01
   1.3210e+00   1.8336e-01
   1.3310e+00   1.8621e-01
   1.3410e+00   1.8895e-01
   1.3510e+00   1.9158e-01
   1.3610e+00   1.9412e-01
   1.3710e+00   1.9656e-01
   1.3810e+00   1.9891e-01
   1.3910e+00   2.0117e-01
   1.4010e+00   2.0334e-01
   1.4110e+00   2.0542e-01
   1.4210e+00   2.0743e-01
   1.4310e+00   2.0935e-01
   1.4410e+00   2.1120e-01
   1.4510e+00   2.1298e-01
   1.4610e+00   2.1469e-01
   1.4710e+00   2.1632e-01
   1.4810e+00   2.1790e-01
   1.4910e+00   2.1940e-01
   1.5010e+00   2.2085e-01
   1.5110e+00   2.2224e-01
   1.5210e+00   2.2356e-01
   1.5310e+00   2.2484e-01
   1.5410e+00   2.2605e-01
   1.5510e+00   2.2722e-01
   1.5610e+00   2.2834e-01
   1.5710e+00   2.2940e-01
   1.5810e+00   2.3042e-01
   1.5910e+00   2.3139e-01
   1.6010e+00   2.3232e-01
   1.6110e+00   2.3321e-01
   1.6210e+00   2.3405e-01
   1.6310e+00   2.3485e-01
   1.6410e+00   2.3562e-01
   1.6510e+00   2.3635e-01
   1.6610e+00   2.3704e-01
   1.6710e+00   2.3769e-01
   1.6810e+00   2.3831e-01
   1.6910e+00   2.3890e-01
   1.7010e+00   2.3945e-01
   1.7110e+00   2.3997e-01
   1.7210e+00   2.4047e-01
   1.7310e+00   2.4093e-01
   1.7410e+00   2.4136e-01
   1.7510e+00   2.4177e-01
   1.7610e+00   2.4215e-01
   1.7710e+00   2.4251e-01
   1.7810e+00   2.4284e-01
   1.7910e+00   2.4314e-01
   1.8010e+00   2.4342e-01
   1.8110e+00   2.4368e-01
   1.8210e+00   2.4392e-01
   1.8310e+00   2.4413e-01
   1.8410e+00   2.4433e-01
   1.8510e+00   2.4450e-01
   1.8610e+00   2.4465e-01
   1.8710e+00   2.4479e-01
   1.8810e+00   2.4491e-01
   1.8910e+00   2.4500e-01
   1.9010e+00   2.4509e-01
   1.9110e+00   2.4515e-01
   1.9210e+00   2.4520e-01
   1.9310e+00   2.4523e-01
   1.9410e+00   2.4525e-01
   1.9510e+00   2.4525e-01
   1.9610e+00   2.4524e-01
   1.9710e+00   2.4521e-01
   1.9810e+00   2.4518e-01
   1.9910e+00   2.4512e-01
