   1.0000e-03  -2.1844e-01
   1.1000e-02  -4.7300e-01
   2.1000e-02  -5.5984e-01
   3.1000e-02  -6.1162e-01
   4.1000e-02  -6.4677e-01
   5.1000e-02  -6.7206e-01
   6.1000e-02  -6.9078e-01
   7.1000e-02  -7.0480e-01
   8.1000e-02  -7.1530e-01
   9.1000e-02  -7.2305e-01
   1.0100e-01  -7.2861e-01
   1.1100e-01  -7.3238e-01
   1.2100e-01  -7.3465e-01
   1.3100e-01  -7.3566e-01
   1.4100e-01  -7.3560e-01
   1.5100e-01  -7.3461e-01
   1.6100e-01  -7.3282e-01
   1.7100e-01  -7.3032e-01
   1.8100e-01  -7.2719e-01
   1.9100e-01  -7.2350e-01
   2.0100e-01  -7.1932e-01
   2.1100e-01  -7.1470e-01
   2.2100e-01  -7.0967e-01
   2.3100e-01  -7.0428e-01
   2.4100e-01  -6.9856e-01
   2.5100e-01  -6.9253e-01
   2.6100e-01  -6.8623e-01
   2.7100e-01  -6.7968e-01
   2.8100e-01  -6.7290e-01
   2.9100e-01  -6.6591e-01
   3.0100e-01  -6.5872e-01
   3.1100e-01  -6.5134e-01
   3.2100e-01  -6.4380e-01
   3.3100e-01  -6.3610e-01
   3.4100e-01  -6.2826e-01
   3.5100e-01  -6.2028e-01
   3.6100e-01  -6.1217e-01
   3.7100e-01  -6.0395e-01
   3.8100e-01  -5.9562e-01
   3.9100e-01  -5.8719e-01
   4.0100e-01  -5.7866e-01
   4.1100e-01  -5.7004e-01
   4.2100e-01  -5.6133e-01
   4.3100e-01  -5.5255e-01
   4.4100e-01  -5.4369e-01
   4.5100e-01  -5.3476e-01
   4.6100e-01  -5.2577e-01
   4.7100e-01  -5.1671e-01
   4.8100e-01  -5.0759e-01
   4.9100e-01  -4.9843e-01
   5.0100e-01  -4.8920e-01
   5.1100e-01  -4.7994e-01
   5.2100e-01  -4.7062e-01
   5.3100e-01  -4.6126e-01
   5.4100e-01  -4.5186e-01
   5.5100e-01  -4.4242e-01
   5.6100e-01  -4.3295e-01
   5.7100e-01  -4.2344e-01
   5.8100e-01  -4.1390e-01
   5.9100e-01  -4.0432e-01
   6.0100e-01  -3.9472e-01
   6.1100e-01  -3.8509e-01
   6.2100e-01  -3.7544e-01
   6.3100e-01  -3.6576e-01
   6.4100e-01  -3.5606e-01
   6.5100e-01  -3.4634e-01
   6.6100e-01  -3.3659e-01
   6.7100e-01  -3.2683e-01
   6.8100e-01  -3.1705e-01
   6.9100e-01  -3.0725e-01
   7.0100e-01  -2.9743e-01
   7.1100e-01  -2.8760e-01
   7.2100e-01  -2.7776e-01
   7.3100e-01  -2.6790e-01
   7.4100e-01  -2.5803e-01
   7.5100e-01  -2.4815e-01
   7.6100e-01  -2.3826e-01
   7.7100e-01  -2.2836e-01
   7.8100e-01  -2.1844e-01
   7.9100e-01  -2.0852e-01
   8.0100e-01  -1.9859e-01
   8.1100e-01  -1.8865e-01
   8.2100e-01  -1.7871e-01
   8.3100e-01  -1.6876e-01
   8.4100e-01  -1.5880e-01
   8.5100e-01  -1.4884e-01
   8.6100e-01  -1.3887e-01
   8.7100e-01  -1.2890e-01
   8.8100e-01  -1.1892e-01
   8.9100e-01  -1.0894e-01
   9.0100e-01  -9.8955e-02
   9.1100e-01  -8.8968e-02
   9.2100e-01  -7.8978e-02
   9.3100e-01  -6.8985e-02
   9.4100e-01  -5.8991e-02
   9.5100e-01  -4.8995e-02
   9.6100e-01  -3.8997e-02
   9.7100e-01  -2.8999e-02
   9.8100e-01  -1.9000e-02
   9.9100e-01  -9.0000e-03
   1.0010e+00   1.0000e-03
   1.0110e+00   1.1000e-02
   1.0210e+00   2.1000e-02
   1.0310e+00   3.0999e-02
   1.0410e+00   4.0997e-02
   1.0510e+00   5.0995e-02
   1.0610e+00   6.0991e-02
   1.0710e+00   7.0986e-02
   1.0810e+00   8.0980e-02
   1.0910e+00   9.0971e-02
   1.1010e+00   1.0096e-01
   1.1110e+00   1.1095e-01
   1.1210e+00   1.2093e-01
   1.1310e+00   1.3092e-01
   1.1410e+00   1.4090e-01
   1.1510e+00   1.5088e-01
   1.1610e+00   1.6085e-01
   1.1710e+00   1.7082e-01
   1.1810e+00   1.8079e-01
   1.1910e+00   1.9076e-01
   1.2010e+00   2.0072e-01
   1.2110e+00   2.1068e-01
   1.2210e+00   2.2063e-01
   1.2310e+00   2.3058e-01
   1.2410e+00   2.4053e-01
   1.2510e+00   2.5048e-01
   1.2610e+00   2.6042e-01
   1.2710e+00   2.7035e-01
   1.2810e+00   2.8028e-01
   1.2910e+00   2.9021e-01
   1.3010e+00   3.0013e-01
   1.3110e+00   3.1005e-01
   1.3210e+00   3.1997e-01
   1.3310e+00   3.2988e-01
   1.3410e+00   3.3978e-01
   1.3510e+00   3.4968e-01
   1.3610e+00   3.5958e-01
   1.3710e+00   3.6947e-01
   1.3810e+00   3.7935e-01
   1.3910e+00   3.8923e-01
   1.4010e+00   3.9911e-01
   1.4110e+00   4.0898e-01
   1.4210e+00   4.1884e-01
   1.4310e+00   4.2870e-01
   1.4410e+00   4.3856e-01
   1.4510e+00   4.4841e-01
   1.4610e+00   4.5825e-01
   1.4710e+00   4.6809e-01
   1.4810e+00   4.7792e-01
   1.4910e+00   4.8775e-01
   1.5010e+00   4.9757e-01
   1.5110e+00   5.0739e-01
   1.5210e+00   5.1720e-01
   1.5310e+00   5.2701e-01
   1.5410e+00   5.3681e-01
   1.5510e+00   5.4660e-01
   1.5610e+00   5.5639e-01
   1.5710e+00   5.6617e-01
   1.5810e+00   5.7595e-01
   1.5910e+00   5.8572e-01
   1.6010e+00   5.9549e-01
   1.6110e+00   6.0525e-01
   1.6210e+00   6.1500e-01
   1.6310e+00   6.2475e-01
   1.6410e+00   6.3449e-01
   1.6510e+00   6.4423e-01
   1.6610e+00   6.5396e-01
   1.6710e+00   6.6369e-01
   1.6810e+00   6.7341e-01
   1.6910e+00   6.8312e-01
   1.7010e+00   6.9283e-01
   1.7110e+00   7.0253e-01
   1.7210e+00   7.1222e-01
   1.7310e+00   7.2191e-01
   1.7410e+00   7.3159e-01
   1.7510e+00   7.4127e-01
   1.7610e+00   7.5094e-01
   1.7710e+00   7.6061e-01
   1.7810e+00   7.7026e-01
   1.7910e+00   7.7992e-01
   1.8010e+00   7.8956e-01
   1.8110e+00   7.9920e-01
   1.8210e+00   8.0884e-01
   1.8310e+00   8.1847e-01
   1.8410e+00   8.2809e-01
   1.8510e+00   8.3770e-01
   1.8610e+00   8.4731e-01
   1.8710e+00   8.5692e-01
   1.8810e+00   8.6652e-01
   1.8910e+00   8.7611e-01
   1.9010e+00   8.8569e-01
   1.9110e+00   8.9527e-01
   1.9210e+00   9.0485e-01
   1.9310e+00   9.1441e-01
   1.9410e+00   9.2397e-01
   1.9510e+00   9.3353e-01
   1.9610e+00   9.4308e-01
   1.9710e+00   9.5262e-01
   1.9810e+00   9.6216e-01
   1.9910e+00   9.7169e-01
