   4.0000e-03   2.1333e-08
   8.0000e-03   1.7067e-07
   1.2000e-02   5.7600e-07
   1.6000e-02   1.3653e-06
   2.0000e-02   2.6667e-06
   2.4000e-02   4.6080e-06
   2.8000e-02   7.3173e-06
   3.2000e-02   1.0923e-05
   3.6000e-02   1.5552e-05
   4.0000e-02   2.1333e-05
   4.4000e-02   2.8395e-05
   4.8000e-02   3.6864e-05
   5.2000e-02   4.6869e-05
   5.6000e-02   5.8539e-05
   6.0000e-02   7.2000e-05
   6.4000e-02   8.7381e-05
   6.8000e-02   1.0481e-04
   7.2000e-02   1.2442e-04
   7.6000e-02   1.4632e-04
   8.0000e-02   1.7067e-04
   8.4000e-02   1.9757e-04
   8.8000e-02   2.2716e-04
   9.2000e-02   2.5956e-04
   9.6000e-02   2.9491e-04
   1.0000e-01   3.3333e-04
   1.0400e-01   3.7495e-04
   1.0800e-01   4.1990e-04
   1.1200e-01   4.6830e-04
   1.1600e-01   5.2029e-04
   1.2000e-01   5.7599e-04
   1.2400e-01   6.3553e-04
   1.2800e-01   6.9904e-04
   1.3200e-01   7.6664e-04
   1.3600e-01   8.3846e-04
   1.4000e-01   9.1464e-04
   1.4400e-01   9.9530e-04
   0.1480000   0.0010806
   0.1520000   0.0011706
   0.1560000   0.0012654
   0.1600000   0.0013653
   0.1640000   0.0014702
   0.1680000   0.0015805
   0.1720000   0.0016960
   0.1760000   0.0018171
   0.1800000   0.0019439
   0.1840000   0.0020763
   0.1880000   0.0022147
   0.1920000   0.0023591
   0.1960000   0.0025096
   0.2000000   0.0026664
   0.2040000   0.0028295
   0.2080000   0.0029992
   0.2120000   0.0031756
   0.2160000   0.0033587
   0.2200000   0.0035487
   0.2240000   0.0037458
   0.2280000   0.0039500
   0.2320000   0.0041615
   0.2360000   0.0043804
   0.2400000   0.0046069
   0.2440000   0.0048410
   0.2480000   0.0050830
   0.2520000   0.0053328
   0.2560000   0.0055907
   0.2600000   0.0058568
   0.2640000   0.0061311
   0.2680000   0.0064139
   0.2720000   0.0067053
   0.2760000   0.0070053
   0.2800000   0.0073141
   0.2840000   0.0076319
   0.2880000   0.0079587
   0.2920000   0.0082947
   0.2960000   0.0086400
   0.3000000   0.0089948
   0.3040000   0.0093591
   0.3080000   0.0097331
   0.312000   0.010117
   0.316000   0.010511
   0.320000   0.010914
   0.324000   0.011328
   0.328000   0.011753
   0.332000   0.012188
   0.336000   0.012633
   0.340000   0.013089
   0.344000   0.013556
   0.348000   0.014033
   0.352000   0.014522
   0.356000   0.015022
   0.360000   0.015533
   0.364000   0.016056
   0.368000   0.016590
   0.372000   0.017136
   0.376000   0.017694
   0.380000   0.018263
   0.384000   0.018845
   0.388000   0.019439
   0.392000   0.020045
   0.396000   0.020663
   0.400000   0.021294
   0.404000   0.021938
   0.408000   0.022594
   0.412000   0.023264
   0.416000   0.023946
   0.420000   0.024641
   0.424000   0.025350
   0.428000   0.026072
   0.432000   0.026807
   0.436000   0.027556
   0.440000   0.028319
   0.444000   0.029095
   0.448000   0.029886
   0.452000   0.030690
   0.456000   0.031509
   0.460000   0.032342
   0.464000   0.033189
   0.468000   0.034051
   0.472000   0.034927
   0.476000   0.035818
   0.480000   0.036724
   0.484000   0.037645
   0.488000   0.038581
   0.492000   0.039533
   0.496000   0.040499
   0.500000   0.041481
   0.504000   0.042478
   0.508000   0.043491
   0.512000   0.044520
   0.516000   0.045565
   0.520000   0.046625
   0.524000   0.047702
   0.528000   0.048794
   0.532000   0.049903
   0.536000   0.051028
   0.540000   0.052170
   0.544000   0.053328
   0.548000   0.054503
   0.552000   0.055695
   0.556000   0.056903
   0.560000   0.058129
   0.564000   0.059371
   0.568000   0.060631
   0.572000   0.061908
   0.576000   0.063202
   0.580000   0.064514
   0.584000   0.065843
   0.588000   0.067189
   0.592000   0.068554
   0.596000   0.069936
   0.600000   0.071336
   0.604000   0.072754
   0.608000   0.074190
   0.612000   0.075645
   0.616000   0.077117
   0.620000   0.078608
   0.624000   0.080117
   0.628000   0.081645
   0.632000   0.083191
   0.636000   0.084756
   0.640000   0.086340
   0.644000   0.087942
   0.648000   0.089563
   0.652000   0.091204
   0.656000   0.092863
   0.660000   0.094541
   0.664000   0.096238
   0.668000   0.097955
   0.672000   0.099691
   0.67600   0.10145
   0.68000   0.10322
   0.68400   0.10501
   0.68800   0.10683
   0.69200   0.10866
   0.69600   0.11051
   0.70000   0.11239
   0.70400   0.11428
   0.70800   0.11619
   0.71200   0.11812
   0.71600   0.12008
   0.72000   0.12205
   0.72400   0.12404
   0.72800   0.12605
   0.73200   0.12808
   0.73600   0.13014
   0.74000   0.13221
   0.74400   0.13430
   0.74800   0.13641
   0.75200   0.13855
   0.75600   0.14070
   0.76000   0.14288
   0.76400   0.14507
   0.76800   0.14728
   0.77200   0.14952
   0.77600   0.15177
   0.78000   0.15405
   0.78400   0.15635
   0.78800   0.15866
   0.79200   0.16100
   0.79600   0.16336
   0.80000   0.16574
   0.80400   0.16814
   0.80800   0.17056
   0.81200   0.17300
   0.81600   0.17546
   0.82000   0.17794
   0.82400   0.18044
   0.82800   0.18296
   0.83200   0.18551
   0.83600   0.18807
   0.84000   0.19065
   0.84400   0.19326
   0.84800   0.19588
   0.85200   0.19853
   0.85600   0.20119
   0.86000   0.20388
   0.86400   0.20658
   0.86800   0.20931
   0.87200   0.21206
   0.87600   0.21482
   0.88000   0.21761
   0.88400   0.22042
   0.88800   0.22325
   0.89200   0.22609
   0.89600   0.22896
   0.90000   0.23185
   0.90400   0.23475
   0.90800   0.23768
   0.91200   0.24063
   0.91600   0.24359
   0.92000   0.24658
   0.92400   0.24958
   0.92800   0.25261
   0.93200   0.25565
   0.93600   0.25872
   0.94000   0.26180
   0.94400   0.26490
   0.94800   0.26802
   0.95200   0.27116
   0.95600   0.27432
   0.96000   0.27750
   0.96400   0.28069
   0.96800   0.28391
   0.97200   0.28714
   0.97600   0.29039
   0.98000   0.29366
   0.98400   0.29694
   0.98800   0.30025
   0.99200   0.30357
   0.99600   0.30691
   1.00000   0.31027
   1.00400   0.31364
   1.00800   0.31703
   1.01200   0.32044
   1.01600   0.32387
   1.02000   0.32731
   1.02400   0.33077
   1.02800   0.33424
   1.03200   0.33774
   1.03600   0.34124
   1.04000   0.34477
   1.04400   0.34830
   1.04800   0.35186
   1.05200   0.35543
   1.05600   0.35901
   1.06000   0.36261
   1.06400   0.36623
   1.06800   0.36985
   1.07200   0.37350
   1.07600   0.37715
   1.08000   0.38082
   1.08400   0.38451
   1.08800   0.38821
   1.09200   0.39192
   1.09600   0.39564
   1.10000   0.39938
   1.10400   0.40312
   1.10800   0.40689
   1.11200   0.41066
   1.11600   0.41444
   1.12000   0.41824
   1.12400   0.42205
   1.12800   0.42586
   1.13200   0.42969
   1.13600   0.43353
   1.14000   0.43738
   1.14400   0.44124
   1.14800   0.44511
   1.15200   0.44898
   1.15600   0.45287
   1.16000   0.45676
   1.16400   0.46067
   1.16800   0.46458
   1.17200   0.46850
   1.17600   0.47242
   1.18000   0.47636
   1.18400   0.48030
   1.18800   0.48424
   1.19200   0.48819
   1.19600   0.49215
   1.20000   0.49612
   1.20400   0.50008
   1.20800   0.50406
   1.21200   0.50803
   1.21600   0.51202
   1.22000   0.51600
   1.22400   0.51999
   1.22800   0.52398
   1.23200   0.52797
   1.23600   0.53197
   1.24000   0.53596
   1.24400   0.53996
   1.24800   0.54396
   1.25200   0.54796
   1.25600   0.55196
   1.26000   0.55596
   1.26400   0.55996
   1.26800   0.56396
   1.27200   0.56796
   1.27600   0.57195
   1.28000   0.57594
   1.28400   0.57993
   1.28800   0.58392
   1.29200   0.58790
   1.29600   0.59188
   1.30000   0.59585
   1.30400   0.59982
   1.30800   0.60379
   1.31200   0.60774
   1.31600   0.61169
   1.32000   0.61564
   1.32400   0.61958
   1.32800   0.62351
   1.33200   0.62743
   1.33600   0.63134
   1.34000   0.63525
   1.34400   0.63914
   1.34800   0.64302
   1.35200   0.64690
   1.35600   0.65076
   1.36000   0.65461
   1.36400   0.65845
   1.36800   0.66228
   1.37200   0.66609
   1.37600   0.66989
   1.38000   0.67368
   1.38400   0.67745
   1.38800   0.68121
   1.39200   0.68495
   1.39600   0.68868
   1.40000   0.69239
   1.40400   0.69608
   1.40800   0.69975
   1.41200   0.70341
   1.41600   0.70705
   1.42000   0.71067
   1.42400   0.71427
   1.42800   0.71785
   1.43200   0.72141
   1.43600   0.72494
   1.44000   0.72846
   1.44400   0.73195
   1.44800   0.73542
   1.45200   0.73887
   1.45600   0.74230
   1.46000   0.74570
   1.46400   0.74907
   1.46800   0.75242
   1.47200   0.75574
   1.47600   0.75904
   1.48000   0.76231
   1.48400   0.76555
   1.48800   0.76877
   1.49200   0.77195
   1.49600   0.77511
   1.50000   0.77824
   1.50400   0.78133
   1.50800   0.78440
   1.51200   0.78744
   1.51600   0.79044
   1.52000   0.79341
   1.52400   0.79635
   1.52800   0.79925
   1.53200   0.80213
   1.53600   0.80496
   1.54000   0.80777
   1.54400   0.81053
   1.54800   0.81326
   1.55200   0.81596
   1.55600   0.81862
   1.56000   0.82124
   1.56400   0.82382
   1.56800   0.82636
   1.57200   0.82887
   1.57600   0.83133
   1.58000   0.83376
   1.58400   0.83614
   1.58800   0.83849
   1.59200   0.84079
   1.59600   0.84305
   1.60000   0.84527
   1.60400   0.84744
   1.60800   0.84958
   1.61200   0.85167
   1.61600   0.85371
   1.62000   0.85571
   1.62400   0.85767
   1.62800   0.85958
   1.63200   0.86144
   1.63600   0.86326
   1.64000   0.86503
   1.64400   0.86675
   1.64800   0.86843
   1.65200   0.87005
   1.65600   0.87163
   1.66000   0.87316
   1.66400   0.87465
   1.66800   0.87608
   1.67200   0.87746
   1.67600   0.87879
   1.68000   0.88007
   1.68400   0.88130
   1.68800   0.88248
   1.69200   0.88361
   1.69600   0.88468
   1.70000   0.88570
   1.70400   0.88667
   1.70800   0.88759
   1.71200   0.88845
   1.71600   0.88926
   1.72000   0.89002
   1.72400   0.89072
   1.72800   0.89137
   1.73200   0.89196
   1.73600   0.89250
   1.74000   0.89298
   1.74400   0.89341
   1.74800   0.89378
   1.75200   0.89409
   1.75600   0.89435
   1.76000   0.89456
   1.76400   0.89471
   1.76800   0.89480
   1.77200   0.89483
   1.77600   0.89481
   1.78000   0.89473
   1.78400   0.89459
   1.78800   0.89440
   1.79200   0.89415
   1.79600   0.89385
   1.80000   0.89348
   1.80400   0.89306
   1.80800   0.89258
   1.81200   0.89204
   1.81600   0.89145
   1.82000   0.89080
   1.82400   0.89009
   1.82800   0.88932
   1.83200   0.88850
   1.83600   0.88762
   1.84000   0.88668
   1.84400   0.88569
   1.84800   0.88464
   1.85200   0.88353
   1.85600   0.88236
   1.86000   0.88114
   1.86400   0.87986
   1.86800   0.87852
   1.87200   0.87713
   1.87600   0.87569
   1.88000   0.87418
   1.88400   0.87262
   1.88800   0.87101
   1.89200   0.86934
   1.89600   0.86762
   1.90000   0.86584
   1.90400   0.86400
   1.90800   0.86212
   1.91200   0.86018
   1.91600   0.85818
   1.92000   0.85614
   1.92400   0.85404
   1.92800   0.85189
   1.93200   0.84968
   1.93600   0.84743
   1.94000   0.84512
   1.94400   0.84277
   1.94800   0.84036
   1.95200   0.83791
   1.95600   0.83540
   1.96000   0.83285
   1.96400   0.83025
   1.96800   0.82760
   1.97200   0.82490
   1.97600   0.82216
   1.98000   0.81938
   1.98400   0.81654
   1.98800   0.81367
   1.99200   0.81075
   1.99600   0.80778
   2.00000   0.80478
   2.00400   0.80173
   2.00800   0.79864
   2.01200   0.79551
   2.01600   0.79234
   2.02000   0.78913
   2.02400   0.78589
   2.02800   0.78260
   2.03200   0.77928
   2.03600   0.77593
   2.04000   0.77253
   2.04400   0.76911
   2.04800   0.76565
   2.05200   0.76216
   2.05600   0.75864
   2.06000   0.75508
   2.06400   0.75150
   2.06800   0.74789
   2.07200   0.74425
   2.07600   0.74058
   2.08000   0.73689
   2.08400   0.73317
   2.08800   0.72943
   2.09200   0.72566
   2.09600   0.72187
   2.10000   0.71807
   2.10400   0.71424
   2.10800   0.71039
   2.11200   0.70653
   2.11600   0.70264
   2.12000   0.69875
   2.12400   0.69483
   2.12800   0.69091
   2.13200   0.68697
   2.13600   0.68302
   2.14000   0.67906
   2.14400   0.67509
   2.14800   0.67111
   2.15200   0.66713
   2.15600   0.66314
   2.16000   0.65915
   2.16400   0.65515
   2.16800   0.65115
   2.17200   0.64715
   2.17600   0.64315
   2.18000   0.63915
   2.18400   0.63516
   2.18800   0.63117
   2.19200   0.62718
   2.19600   0.62320
   2.20000   0.61923
   2.20400   0.61527
   2.20800   0.61131
   2.21200   0.60737
   2.21600   0.60344
   2.22000   0.59953
   2.22400   0.59563
   2.22800   0.59175
   2.23200   0.58788
   2.23600   0.58404
   2.24000   0.58021
   2.24400   0.57641
   2.24800   0.57263
   2.25200   0.56887
   2.25600   0.56514
   2.26000   0.56143
   2.26400   0.55775
   2.26800   0.55410
   2.27200   0.55049
   2.27600   0.54690
   2.28000   0.54335
   2.28400   0.53983
   2.28800   0.53634
   2.29200   0.53289
   2.29600   0.52948
   2.30000   0.52611
   2.30400   0.52278
   2.30800   0.51949
   2.31200   0.51625
   2.31600   0.51304
   2.32000   0.50989
   2.32400   0.50677
   2.32800   0.50371
   2.33200   0.50069
   2.33600   0.49773
   2.34000   0.49481
   2.34400   0.49195
   2.34800   0.48913
   2.35200   0.48638
   2.35600   0.48367
   2.36000   0.48103
   2.36400   0.47844
   2.36800   0.47591
   2.37200   0.47343
   2.37600   0.47102
   2.38000   0.46867
   2.38400   0.46638
   2.38800   0.46416
   2.39200   0.46199
   2.39600   0.45990
   2.40000   0.45786
   2.40400   0.45590
   2.40800   0.45400
   2.41200   0.45217
   2.41600   0.45041
   2.42000   0.44872
   2.42400   0.44710
   2.42800   0.44555
   2.43200   0.44407
   2.43600   0.44267
   2.44000   0.44134
   2.44400   0.44008
   2.44800   0.43890
   2.45200   0.43779
   2.45600   0.43676
   2.46000   0.43580
   2.46400   0.43492
   2.46800   0.43412
   2.47200   0.43339
   2.47600   0.43275
   2.48000   0.43218
   2.48400   0.43169
   2.48800   0.43127
   2.49200   0.43094
   2.49600   0.43069
   2.50000   0.43052
   2.50400   0.43043
   2.50800   0.43041
   2.51200   0.43048
   2.51600   0.43063
   2.52000   0.43086
   2.52400   0.43117
   2.52800   0.43155
   2.53200   0.43202
   2.53600   0.43257
   2.54000   0.43321
   2.54400   0.43392
   2.54800   0.43471
   2.55200   0.43558
   2.55600   0.43653
   2.56000   0.43756
   2.56400   0.43866
   2.56800   0.43985
   2.57200   0.44111
   2.57600   0.44246
   2.58000   0.44388
   2.58400   0.44537
   2.58800   0.44695
   2.59200   0.44860
   2.59600   0.45032
   2.60000   0.45212
   2.60400   0.45399
   2.60800   0.45594
   2.61200   0.45796
   2.61600   0.46005
   2.62000   0.46221
   2.62400   0.46444
   2.62800   0.46674
   2.63200   0.46911
   2.63600   0.47154
   2.64000   0.47404
   2.64400   0.47661
   2.64800   0.47924
   2.65200   0.48194
   2.65600   0.48470
   2.66000   0.48751
   2.66400   0.49039
   2.66800   0.49333
   2.67200   0.49632
   2.67600   0.49937
   2.68000   0.50248
   2.68400   0.50563
   2.68800   0.50884
   2.69200   0.51210
   2.69600   0.51541
   2.70000   0.51877
   2.70400   0.52217
   2.70800   0.52562
   2.71200   0.52911
   2.71600   0.53265
   2.72000   0.53622
   2.72400   0.53983
   2.72800   0.54348
   2.73200   0.54716
   2.73600   0.55088
   2.74000   0.55462
   2.74400   0.55840
   2.74800   0.56220
   2.75200   0.56604
   2.75600   0.56989
   2.76000   0.57377
   2.76400   0.57767
   2.76800   0.58159
   2.77200   0.58552
   2.77600   0.58947
   2.78000   0.59343
   2.78400   0.59741
   2.78800   0.60139
   2.79200   0.60538
   2.79600   0.60938
   2.80000   0.61337
   2.80400   0.61737
   2.80800   0.62137
   2.81200   0.62537
   2.81600   0.62936
   2.82000   0.63335
   2.82400   0.63732
   2.82800   0.64129
   2.83200   0.64524
   2.83600   0.64918
   2.84000   0.65310
   2.84400   0.65700
   2.84800   0.66088
   2.85200   0.66473
   2.85600   0.66856
   2.86000   0.67237
   2.86400   0.67614
   2.86800   0.67989
   2.87200   0.68360
   2.87600   0.68727
   2.88000   0.69091
   2.88400   0.69451
   2.88800   0.69806
   2.89200   0.70158
   2.89600   0.70505
   2.90000   0.70847
   2.90400   0.71184
   2.90800   0.71516
   2.91200   0.71843
   2.91600   0.72165
   2.92000   0.72480
   2.92400   0.72790
   2.92800   0.73094
   2.93200   0.73392
   2.93600   0.73684
   2.94000   0.73969
   2.94400   0.74247
   2.94800   0.74518
   2.95200   0.74783
   2.95600   0.75040
   2.96000   0.75290
   2.96400   0.75533
   2.96800   0.75767
   2.97200   0.75995
   2.97600   0.76214
   2.98000   0.76425
   2.98400   0.76628
   2.98800   0.76823
   2.99200   0.77009
   2.99600   0.77187
   3.00000   0.77356
   3.00400   0.77517
   3.00800   0.77668
   3.01200   0.77811
   3.01600   0.77945
   3.02000   0.78069
   3.02400   0.78184
   3.02800   0.78290
   3.03200   0.78387
   3.03600   0.78474
   3.04000   0.78552
   3.04400   0.78620
   3.04800   0.78678
   3.05200   0.78727
   3.05600   0.78766
   3.06000   0.78795
   3.06400   0.78815
   3.06800   0.78825
   3.07200   0.78825
   3.07600   0.78815
   3.08000   0.78795
   3.08400   0.78765
   3.08800   0.78726
   3.09200   0.78677
   3.09600   0.78618
   3.10000   0.78549
   3.10400   0.78471
   3.10800   0.78382
   3.11200   0.78284
   3.11600   0.78177
   3.12000   0.78060
   3.12400   0.77933
   3.12800   0.77797
   3.13200   0.77652
   3.13600   0.77497
   3.14000   0.77333
   3.14400   0.77160
   3.14800   0.76978
   3.15200   0.76787
   3.15600   0.76587
   3.16000   0.76379
   3.16400   0.76162
   3.16800   0.75936
   3.17200   0.75702
   3.17600   0.75461
   3.18000   0.75211
   3.18400   0.74953
   3.18800   0.74687
   3.19200   0.74414
   3.19600   0.74134
   3.20000   0.73846
   3.20400   0.73552
   3.20800   0.73250
   3.21200   0.72942
   3.21600   0.72628
   3.22000   0.72307
   3.22400   0.71980
   3.22800   0.71647
   3.23200   0.71309
   3.23600   0.70965
   3.24000   0.70616
   3.24400   0.70262
   3.24800   0.69904
   3.25200   0.69541
   3.25600   0.69173
   3.26000   0.68802
   3.26400   0.68427
   3.26800   0.68048
   3.27200   0.67667
   3.27600   0.67282
   3.28000   0.66894
   3.28400   0.66504
   3.28800   0.66112
   3.29200   0.65718
   3.29600   0.65322
   3.30000   0.64925
   3.30400   0.64527
   3.30800   0.64128
   3.31200   0.63728
   3.31600   0.63328
   3.32000   0.62928
   3.32400   0.62528
   3.32800   0.62129
   3.33200   0.61731
   3.33600   0.61334
   3.34000   0.60938
   3.34400   0.60544
   3.34800   0.60152
   3.35200   0.59763
   3.35600   0.59375
   3.36000   0.58991
   3.36400   0.58610
   3.36800   0.58232
   3.37200   0.57858
   3.37600   0.57488
   3.38000   0.57122
   3.38400   0.56760
   3.38800   0.56403
   3.39200   0.56052
   3.39600   0.55705
   3.40000   0.55365
   3.40400   0.55030
   3.40800   0.54701
   3.41200   0.54378
   3.41600   0.54062
   3.42000   0.53753
   3.42400   0.53451
   3.42800   0.53156
   3.43200   0.52868
   3.43600   0.52589
   3.44000   0.52317
   3.44400   0.52054
   3.44800   0.51799
   3.45200   0.51552
   3.45600   0.51315
   3.46000   0.51086
   3.46400   0.50866
   3.46800   0.50656
   3.47200   0.50456
   3.47600   0.50265
   3.48000   0.50083
   3.48400   0.49912
   3.48800   0.49751
   3.49200   0.49601
   3.49600   0.49460
   3.50000   0.49331
   3.50400   0.49212
   3.50800   0.49103
   3.51200   0.49006
   3.51600   0.48919
   3.52000   0.48844
   3.52400   0.48779
   3.52800   0.48726
   3.53200   0.48684
   3.53600   0.48653
   3.54000   0.48633
   3.54400   0.48625
   3.54800   0.48628
   3.55200   0.48643
   3.55600   0.48668
   3.56000   0.48705
   3.56400   0.48754
   3.56800   0.48814
   3.57200   0.48885
   3.57600   0.48967
   3.58000   0.49060
   3.58400   0.49165
   3.58800   0.49280
   3.59200   0.49407
   3.59600   0.49544
   3.60000   0.49692
   3.60400   0.49851
   3.60800   0.50020
   3.61200   0.50200
   3.61600   0.50390
   3.62000   0.50590
   3.62400   0.50800
   3.62800   0.51019
   3.63200   0.51249
   3.63600   0.51487
   3.64000   0.51735
   3.64400   0.51992
   3.64800   0.52258
   3.65200   0.52533
   3.65600   0.52816
   3.66000   0.53106
   3.66400   0.53405
   3.66800   0.53712
   3.67200   0.54026
   3.67600   0.54347
   3.68000   0.54675
   3.68400   0.55009
   3.68800   0.55350
   3.69200   0.55697
   3.69600   0.56050
   3.70000   0.56408
   3.70400   0.56771
   3.70800   0.57139
   3.71200   0.57512
   3.71600   0.57888
   3.72000   0.58269
   3.72400   0.58653
   3.72800   0.59040
   3.73200   0.59430
   3.73600   0.59822
   3.74000   0.60217
   3.74400   0.60613
   3.74800   0.61011
   3.75200   0.61410
   3.75600   0.61809
   3.76000   0.62209
   3.76400   0.62609
   3.76800   0.63009
   3.77200   0.63408
   3.77600   0.63805
   3.78000   0.64202
   3.78400   0.64596
   3.78800   0.64988
   3.79200   0.65378
   3.79600   0.65765
   3.80000   0.66149
   3.80400   0.66529
   3.80800   0.66904
   3.81200   0.67276
   3.81600   0.67643
   3.82000   0.68005
   3.82400   0.68361
   3.82800   0.68712
   3.83200   0.69057
   3.83600   0.69395
   3.84000   0.69727
   3.84400   0.70052
   3.84800   0.70369
   3.85200   0.70679
   3.85600   0.70980
   3.86000   0.71274
   3.86400   0.71559
   3.86800   0.71835
   3.87200   0.72102
   3.87600   0.72360
   3.88000   0.72608
   3.88400   0.72846
   3.88800   0.73074
   3.89200   0.73292
   3.89600   0.73499
   3.90000   0.73696
   3.90400   0.73881
   3.90800   0.74056
   3.91200   0.74219
   3.91600   0.74370
   3.92000   0.74510
   3.92400   0.74638
   3.92800   0.74754
   3.93200   0.74858
   3.93600   0.74950
   3.94000   0.75030
   3.94400   0.75097
   3.94800   0.75151
   3.95200   0.75193
   3.95600   0.75223
   3.96000   0.75240
   3.96400   0.75244
   3.96800   0.75236
   3.97200   0.75214
   3.97600   0.75181
   3.98000   0.75134
   3.98400   0.75075
   3.98800   0.75003
   3.99200   0.74919
   3.99600   0.74822
   4.00000   0.74713
