   0.0040000   0.0040000
   0.0080000   0.0080000
   0.012000   0.012000
   0.016000   0.016000
   0.020000   0.020000
   0.024000   0.024000
   0.028000   0.028000
   0.032000   0.032000
   0.036000   0.036000
   0.040000   0.040000
   0.044000   0.044000
   0.048000   0.048000
   0.052000   0.052000
   0.056000   0.056000
   0.060000   0.060000
   0.064000   0.064000
   0.068000   0.068000
   0.072000   0.072000
   0.076000   0.076000
   0.080000   0.080000
   0.084000   0.084000
   0.088000   0.087999
   0.092000   0.091999
   0.096000   0.095999
   0.100000   0.099999
   0.10400   0.10400
   0.10800   0.10800
   0.11200   0.11200
   0.11600   0.11600
   0.12000   0.12000
   0.12400   0.12400
   0.12800   0.12800
   0.13200   0.13200
   0.13600   0.13600
   0.14000   0.13999
   0.14400   0.14399
   0.14800   0.14799
   0.15200   0.15199
   0.15600   0.15599
   0.16000   0.15999
   0.16400   0.16399
   0.16800   0.16799
   0.17200   0.17198
   0.17600   0.17598
   0.18000   0.17998
   0.18400   0.18398
   0.18800   0.18798
   0.19200   0.19197
   0.19600   0.19597
   0.20000   0.19997
   0.20400   0.20396
   0.20800   0.20796
   0.21200   0.21196
   0.21600   0.21595
   0.22000   0.21995
   0.22400   0.22394
   0.22800   0.22794
   0.23200   0.23193
   0.23600   0.23593
   0.24000   0.23992
   0.24400   0.24391
   0.24800   0.24791
   0.25200   0.25190
   0.25600   0.25589
   0.26000   0.25988
   0.26400   0.26387
   0.26800   0.26786
   0.27200   0.27185
   0.27600   0.27584
   0.28000   0.27983
   0.28400   0.28382
   0.28800   0.28780
   0.29200   0.29179
   0.29600   0.29577
   0.30000   0.29976
   0.30400   0.30374
   0.30800   0.30772
   0.31200   0.31170
   0.31600   0.31569
   0.32000   0.31966
   0.32400   0.32364
   0.32800   0.32762
   0.33200   0.33160
   0.33600   0.33557
   0.34000   0.33955
   0.34400   0.34352
   0.34800   0.34749
   0.35200   0.35146
   0.35600   0.35543
   0.36000   0.35940
   0.36400   0.36336
   0.36800   0.36733
   0.37200   0.37129
   0.37600   0.37525
   0.38000   0.37921
   0.38400   0.38317
   0.38800   0.38712
   0.39200   0.39108
   0.39600   0.39503
   0.40000   0.39898
   0.40400   0.40293
   0.40800   0.40687
   0.41200   0.41081
   0.41600   0.41476
   0.42000   0.41869
   0.42400   0.42263
   0.42800   0.42657
   0.43200   0.43050
   0.43600   0.43443
   0.44000   0.43835
   0.44400   0.44228
   0.44800   0.44620
   0.45200   0.45012
   0.45600   0.45403
   0.46000   0.45794
   0.46400   0.46185
   0.46800   0.46576
   0.47200   0.46966
   0.47600   0.47356
   0.48000   0.47746
   0.48400   0.48135
   0.48800   0.48524
   0.49200   0.48912
   0.49600   0.49301
   0.50000   0.49688
   0.50400   0.50076
   0.50800   0.50463
   0.51200   0.50849
   0.51600   0.51235
   0.52000   0.51621
   0.52400   0.52006
   0.52800   0.52391
   0.53200   0.52775
   0.53600   0.53159
   0.54000   0.53543
   0.54400   0.53926
   0.54800   0.54308
   0.55200   0.54690
   0.55600   0.55071
   0.56000   0.55452
   0.56400   0.55832
   0.56800   0.56212
   0.57200   0.56591
   0.57600   0.56969
   0.58000   0.57347
   0.58400   0.57724
   0.58800   0.58101
   0.59200   0.58477
   0.59600   0.58852
   0.60000   0.59227
   0.60400   0.59601
   0.60800   0.59974
   0.61200   0.60347
   0.61600   0.60719
   0.62000   0.61090
   0.62400   0.61461
   0.62800   0.61830
   0.63200   0.62199
   0.63600   0.62567
   0.64000   0.62935
   0.64400   0.63301
   0.64800   0.63667
   0.65200   0.64032
   0.65600   0.64396
   0.66000   0.64759
   0.66400   0.65121
   0.66800   0.65482
   0.67200   0.65842
   0.67600   0.66202
   0.68000   0.66560
   0.68400   0.66918
   0.68800   0.67274
   0.69200   0.67630
   0.69600   0.67984
   0.70000   0.68338
   0.70400   0.68690
   0.70800   0.69042
   0.71200   0.69392
   0.71600   0.69741
   0.72000   0.70089
   0.72400   0.70436
   0.72800   0.70782
   0.73200   0.71126
   0.73600   0.71469
   0.74000   0.71812
   0.74400   0.72152
   0.74800   0.72492
   0.75200   0.72830
   0.75600   0.73168
   0.76000   0.73503
   0.76400   0.73838
   0.76800   0.74171
   0.77200   0.74503
   0.77600   0.74833
   0.78000   0.75162
   0.78400   0.75489
   0.78800   0.75815
   0.79200   0.76140
   0.79600   0.76463
   0.80000   0.76785
   0.80400   0.77105
   0.80800   0.77423
   0.81200   0.77740
   0.81600   0.78056
   0.82000   0.78369
   0.82400   0.78682
   0.82800   0.78992
   0.83200   0.79301
   0.83600   0.79608
   0.84000   0.79913
   0.84400   0.80217
   0.84800   0.80519
   0.85200   0.80819
   0.85600   0.81117
   0.86000   0.81413
   0.86400   0.81708
   0.86800   0.82001
   0.87200   0.82291
   0.87600   0.82580
   0.88000   0.82867
   0.88400   0.83152
   0.88800   0.83435
   0.89200   0.83716
   0.89600   0.83995
   0.90000   0.84272
   0.90400   0.84547
   0.90800   0.84819
   0.91200   0.85090
   0.91600   0.85358
   0.92000   0.85624
   0.92400   0.85888
   0.92800   0.86150
   0.93200   0.86409
   0.93600   0.86667
   0.94000   0.86922
   0.94400   0.87174
   0.94800   0.87424
   0.95200   0.87672
   0.95600   0.87918
   0.96000   0.88161
   0.96400   0.88401
   0.96800   0.88639
   0.97200   0.88875
   0.97600   0.89108
   0.98000   0.89339
   0.98400   0.89567
   0.98800   0.89792
   0.99200   0.90015
   0.99600   0.90235
   1.00000   0.90452
   1.00400   0.90667
   1.00800   0.90879
   1.01200   0.91089
   1.01600   0.91295
   1.02000   0.91499
   1.02400   0.91700
   1.02800   0.91898
   1.03200   0.92093
   1.03600   0.92285
   1.04000   0.92475
   1.04400   0.92661
   1.04800   0.92845
   1.05200   0.93025
   1.05600   0.93203
   1.06000   0.93378
   1.06400   0.93549
   1.06800   0.93717
   1.07200   0.93883
   1.07600   0.94045
   1.08000   0.94204
   1.08400   0.94359
   1.08800   0.94512
   1.09200   0.94661
   1.09600   0.94808
   1.10000   0.94950
   1.10400   0.95090
   1.10800   0.95226
   1.11200   0.95359
   1.11600   0.95489
   1.12000   0.95615
   1.12400   0.95738
   1.12800   0.95857
   1.13200   0.95973
   1.13600   0.96085
   1.14000   0.96194
   1.14400   0.96299
   1.14800   0.96401
   1.15200   0.96500
   1.15600   0.96594
   1.16000   0.96685
   1.16400   0.96773
   1.16800   0.96857
   1.17200   0.96937
   1.17600   0.97014
   1.18000   0.97086
   1.18400   0.97156
   1.18800   0.97221
   1.19200   0.97283
   1.19600   0.97340
   1.20000   0.97394
   1.20400   0.97445
   1.20800   0.97491
   1.21200   0.97534
   1.21600   0.97572
   1.22000   0.97607
   1.22400   0.97638
   1.22800   0.97665
   1.23200   0.97689
   1.23600   0.97708
   1.24000   0.97723
   1.24400   0.97734
   1.24800   0.97742
   1.25200   0.97745
   1.25600   0.97744
   1.26000   0.97740
   1.26400   0.97731
   1.26800   0.97718
   1.27200   0.97701
   1.27600   0.97680
   1.28000   0.97655
   1.28400   0.97626
   1.28800   0.97593
   1.29200   0.97556
   1.29600   0.97514
   1.30000   0.97469
   1.30400   0.97419
   1.30800   0.97365
   1.31200   0.97308
   1.31600   0.97246
   1.32000   0.97179
   1.32400   0.97109
   1.32800   0.97034
   1.33200   0.96956
   1.33600   0.96873
   1.34000   0.96786
   1.34400   0.96694
   1.34800   0.96599
   1.35200   0.96499
   1.35600   0.96396
   1.36000   0.96288
   1.36400   0.96175
   1.36800   0.96059
   1.37200   0.95938
   1.37600   0.95814
   1.38000   0.95685
   1.38400   0.95552
   1.38800   0.95415
   1.39200   0.95273
   1.39600   0.95128
   1.40000   0.94978
   1.40400   0.94824
   1.40800   0.94666
   1.41200   0.94504
   1.41600   0.94338
   1.42000   0.94167
   1.42400   0.93993
   1.42800   0.93814
   1.43200   0.93632
   1.43600   0.93445
   1.44000   0.93254
   1.44400   0.93060
   1.44800   0.92861
   1.45200   0.92658
   1.45600   0.92451
   1.46000   0.92240
   1.46400   0.92026
   1.46800   0.91807
   1.47200   0.91584
   1.47600   0.91358
   1.48000   0.91128
   1.48400   0.90893
   1.48800   0.90655
   1.49200   0.90414
   1.49600   0.90168
   1.50000   0.89918
   1.50400   0.89665
   1.50800   0.89409
   1.51200   0.89148
   1.51600   0.88884
   1.52000   0.88616
   1.52400   0.88345
   1.52800   0.88070
   1.53200   0.87791
   1.53600   0.87509
   1.54000   0.87224
   1.54400   0.86935
   1.54800   0.86643
   1.55200   0.86347
   1.55600   0.86048
   1.56000   0.85746
   1.56400   0.85440
   1.56800   0.85132
   1.57200   0.84820
   1.57600   0.84505
   1.58000   0.84187
   1.58400   0.83866
   1.58800   0.83542
   1.59200   0.83214
   1.59600   0.82884
   1.60000   0.82552
   1.60400   0.82216
   1.60800   0.81878
   1.61200   0.81537
   1.61600   0.81193
   1.62000   0.80846
   1.62400   0.80497
   1.62800   0.80146
   1.63200   0.79792
   1.63600   0.79436
   1.64000   0.79077
   1.64400   0.78716
   1.64800   0.78353
   1.65200   0.77987
   1.65600   0.77620
   1.66000   0.77250
   1.66400   0.76879
   1.66800   0.76505
   1.67200   0.76130
   1.67600   0.75753
   1.68000   0.75374
   1.68400   0.74993
   1.68800   0.74611
   1.69200   0.74227
   1.69600   0.73842
   1.70000   0.73455
   1.70400   0.73067
   1.70800   0.72678
   1.71200   0.72287
   1.71600   0.71895
   1.72000   0.71503
   1.72400   0.71109
   1.72800   0.70714
   1.73200   0.70319
   1.73600   0.69922
   1.74000   0.69525
   1.74400   0.69127
   1.74800   0.68729
   1.75200   0.68330
   1.75600   0.67931
   1.76000   0.67532
   1.76400   0.67132
   1.76800   0.66732
   1.77200   0.66332
   1.77600   0.65932
   1.78000   0.65532
   1.78400   0.65132
   1.78800   0.64733
   1.79200   0.64334
   1.79600   0.63935
   1.80000   0.63537
   1.80400   0.63139
   1.80800   0.62742
   1.81200   0.62345
   1.81600   0.61950
   1.82000   0.61555
   1.82400   0.61161
   1.82800   0.60769
   1.83200   0.60377
   1.83600   0.59987
   1.84000   0.59598
   1.84400   0.59211
   1.84800   0.58825
   1.85200   0.58441
   1.85600   0.58058
   1.86000   0.57677
   1.86400   0.57298
   1.86800   0.56921
   1.87200   0.56546
   1.87600   0.56173
   1.88000   0.55803
   1.88400   0.55434
   1.88800   0.55068
   1.89200   0.54705
   1.89600   0.54344
   1.90000   0.53986
   1.90400   0.53630
   1.90800   0.53277
   1.91200   0.52928
   1.91600   0.52581
   1.92000   0.52237
   1.92400   0.51897
   1.92800   0.51559
   1.93200   0.51226
   1.93600   0.50895
   1.94000   0.50568
   1.94400   0.50245
   1.94800   0.49925
   1.95200   0.49610
   1.95600   0.49298
   1.96000   0.48990
   1.96400   0.48686
   1.96800   0.48386
   1.97200   0.48091
   1.97600   0.47799
   1.98000   0.47512
   1.98400   0.47230
   1.98800   0.46952
   1.99200   0.46679
   1.99600   0.46410
   2.00000   0.46146
   2.00400   0.45887
   2.00800   0.45633
   2.01200   0.45384
   2.01600   0.45140
   2.02000   0.44901
   2.02400   0.44667
   2.02800   0.44439
   2.03200   0.44216
   2.03600   0.43998
   2.04000   0.43786
   2.04400   0.43580
   2.04800   0.43379
   2.05200   0.43183
   2.05600   0.42994
   2.06000   0.42810
   2.06400   0.42633
   2.06800   0.42461
   2.07200   0.42295
   2.07600   0.42135
   2.08000   0.41981
   2.08400   0.41834
   2.08800   0.41693
   2.09200   0.41558
   2.09600   0.41429
   2.10000   0.41307
   2.10400   0.41191
   2.10800   0.41081
   2.11200   0.40978
   2.11600   0.40882
   2.12000   0.40792
   2.12400   0.40709
   2.12800   0.40632
   2.13200   0.40563
   2.13600   0.40499
   2.14000   0.40443
   2.14400   0.40394
   2.14800   0.40351
   2.15200   0.40315
   2.15600   0.40286
   2.16000   0.40264
   2.16400   0.40248
   2.16800   0.40240
   2.17200   0.40239
   2.17600   0.40244
   2.18000   0.40257
   2.18400   0.40276
   2.18800   0.40303
   2.19200   0.40336
   2.19600   0.40377
   2.20000   0.40424
   2.20400   0.40478
   2.20800   0.40540
   2.21200   0.40608
   2.21600   0.40683
   2.22000   0.40766
   2.22400   0.40855
   2.22800   0.40951
   2.23200   0.41054
   2.23600   0.41164
   2.24000   0.41281
   2.24400   0.41404
   2.24800   0.41535
   2.25200   0.41672
   2.25600   0.41816
   2.26000   0.41967
   2.26400   0.42124
   2.26800   0.42288
   2.27200   0.42458
   2.27600   0.42636
   2.28000   0.42819
   2.28400   0.43009
   2.28800   0.43206
   2.29200   0.43409
   2.29600   0.43618
   2.30000   0.43833
   2.30400   0.44054
   2.30800   0.44282
   2.31200   0.44516
   2.31600   0.44755
   2.32000   0.45001
   2.32400   0.45252
   2.32800   0.45509
   2.33200   0.45772
   2.33600   0.46040
   2.34000   0.46314
   2.34400   0.46593
   2.34800   0.46877
   2.35200   0.47167
   2.35600   0.47462
   2.36000   0.47762
   2.36400   0.48067
   2.36800   0.48377
   2.37200   0.48691
   2.37600   0.49010
   2.38000   0.49334
   2.38400   0.49662
   2.38800   0.49994
   2.39200   0.50331
   2.39600   0.50671
   2.40000   0.51016
   2.40400   0.51364
   2.40800   0.51716
   2.41200   0.52072
   2.41600   0.52431
   2.42000   0.52794
   2.42400   0.53159
   2.42800   0.53528
   2.43200   0.53900
   2.43600   0.54274
   2.44000   0.54651
   2.44400   0.55031
   2.44800   0.55413
   2.45200   0.55798
   2.45600   0.56184
   2.46000   0.56572
   2.46400   0.56963
   2.46800   0.57354
   2.47200   0.57748
   2.47600   0.58143
   2.48000   0.58539
   2.48400   0.58935
   2.48800   0.59333
   2.49200   0.59732
   2.49600   0.60131
   2.50000   0.60531
   2.50400   0.60931
   2.50800   0.61331
   2.51200   0.61731
   2.51600   0.62130
   2.52000   0.62530
   2.52400   0.62928
   2.52800   0.63327
   2.53200   0.63724
   2.53600   0.64120
   2.54000   0.64515
   2.54400   0.64909
   2.54800   0.65301
   2.55200   0.65691
   2.55600   0.66080
   2.56000   0.66466
   2.56400   0.66851
   2.56800   0.67233
   2.57200   0.67612
   2.57600   0.67989
   2.58000   0.68363
   2.58400   0.68734
   2.58800   0.69101
   2.59200   0.69466
   2.59600   0.69827
   2.60000   0.70184
   2.60400   0.70537
   2.60800   0.70887
   2.61200   0.71232
   2.61600   0.71573
   2.62000   0.71910
   2.62400   0.72242
   2.62800   0.72569
   2.63200   0.72891
   2.63600   0.73209
   2.64000   0.73521
   2.64400   0.73828
   2.64800   0.74129
   2.65200   0.74424
   2.65600   0.74714
   2.66000   0.74998
   2.66400   0.75276
   2.66800   0.75547
   2.67200   0.75813
   2.67600   0.76071
   2.68000   0.76324
   2.68400   0.76569
   2.68800   0.76808
   2.69200   0.77040
   2.69600   0.77264
   2.70000   0.77482
   2.70400   0.77692
   2.70800   0.77895
   2.71200   0.78090
   2.71600   0.78277
   2.72000   0.78457
   2.72400   0.78629
   2.72800   0.78793
   2.73200   0.78950
   2.73600   0.79098
   2.74000   0.79238
   2.74400   0.79369
   2.74800   0.79493
   2.75200   0.79608
   2.75600   0.79714
   2.76000   0.79812
   2.76400   0.79901
   2.76800   0.79982
   2.77200   0.80054
   2.77600   0.80117
   2.78000   0.80172
   2.78400   0.80218
   2.78800   0.80254
   2.79200   0.80282
   2.79600   0.80301
   2.80000   0.80311
   2.80400   0.80313
   2.80800   0.80305
   2.81200   0.80288
   2.81600   0.80262
   2.82000   0.80227
   2.82400   0.80183
   2.82800   0.80131
   2.83200   0.80069
   2.83600   0.79998
   2.84000   0.79919
   2.84400   0.79830
   2.84800   0.79733
   2.85200   0.79627
   2.85600   0.79512
   2.86000   0.79388
   2.86400   0.79256
   2.86800   0.79115
   2.87200   0.78966
   2.87600   0.78808
   2.88000   0.78641
   2.88400   0.78467
   2.88800   0.78284
   2.89200   0.78093
   2.89600   0.77894
   2.90000   0.77686
   2.90400   0.77471
   2.90800   0.77249
   2.91200   0.77018
   2.91600   0.76780
   2.92000   0.76535
   2.92400   0.76282
   2.92800   0.76022
   2.93200   0.75755
   2.93600   0.75481
   2.94000   0.75200
   2.94400   0.74913
   2.94800   0.74619
   2.95200   0.74319
   2.95600   0.74013
   2.96000   0.73700
   2.96400   0.73382
   2.96800   0.73058
   2.97200   0.72729
   2.97600   0.72395
   2.98000   0.72055
   2.98400   0.71710
   2.98800   0.71361
   2.99200   0.71007
   2.99600   0.70649
   3.00000   0.70286
   3.00400   0.69920
   3.00800   0.69550
   3.01200   0.69176
   3.01600   0.68799
   3.02000   0.68419
   3.02400   0.68036
   3.02800   0.67650
   3.03200   0.67262
   3.03600   0.66872
   3.04000   0.66479
   3.04400   0.66085
   3.04800   0.65689
   3.05200   0.65292
   3.05600   0.64894
   3.06000   0.64495
   3.06400   0.64096
   3.06800   0.63696
   3.07200   0.63296
   3.07600   0.62896
   3.08000   0.62497
   3.08400   0.62098
   3.08800   0.61700
   3.09200   0.61303
   3.09600   0.60907
   3.10000   0.60513
   3.10400   0.60121
   3.10800   0.59731
   3.11200   0.59343
   3.11600   0.58958
   3.12000   0.58575
   3.12400   0.58196
   3.12800   0.57820
   3.13200   0.57447
   3.13600   0.57078
   3.14000   0.56713
   3.14400   0.56353
   3.14800   0.55997
   3.15200   0.55645
   3.15600   0.55299
   3.16000   0.54957
   3.16400   0.54621
   3.16800   0.54291
   3.17200   0.53966
   3.17600   0.53648
   3.18000   0.53335
   3.18400   0.53030
   3.18800   0.52730
   3.19200   0.52438
   3.19600   0.52153
   3.20000   0.51875
   3.20400   0.51604
   3.20800   0.51342
   3.21200   0.51086
   3.21600   0.50839
   3.22000   0.50601
   3.22400   0.50370
   3.22800   0.50148
   3.23200   0.49935
   3.23600   0.49730
   3.24000   0.49534
   3.24400   0.49348
   3.24800   0.49171
   3.25200   0.49003
   3.25600   0.48844
   3.26000   0.48696
   3.26400   0.48557
   3.26800   0.48428
   3.27200   0.48308
   3.27600   0.48199
   3.28000   0.48100
   3.28400   0.48011
   3.28800   0.47933
   3.29200   0.47864
   3.29600   0.47807
   3.30000   0.47759
   3.30400   0.47722
   3.30800   0.47696
   3.31200   0.47680
   3.31600   0.47675
   3.32000   0.47680
   3.32400   0.47696
   3.32800   0.47723
   3.33200   0.47760
   3.33600   0.47808
   3.34000   0.47867
   3.34400   0.47936
   3.34800   0.48015
   3.35200   0.48105
   3.35600   0.48206
   3.36000   0.48316
   3.36400   0.48437
   3.36800   0.48569
   3.37200   0.48710
   3.37600   0.48861
   3.38000   0.49023
   3.38400   0.49194
   3.38800   0.49375
   3.39200   0.49566
   3.39600   0.49766
   3.40000   0.49975
   3.40400   0.50194
   3.40800   0.50421
   3.41200   0.50658
   3.41600   0.50903
   3.42000   0.51156
   3.42400   0.51419
   3.42800   0.51689
   3.43200   0.51967
   3.43600   0.52253
   3.44000   0.52547
   3.44400   0.52848
   3.44800   0.53156
   3.45200   0.53471
   3.45600   0.53793
   3.46000   0.54121
   3.46400   0.54455
   3.46800   0.54795
   3.47200   0.55141
   3.47600   0.55493
   3.48000   0.55850
   3.48400   0.56211
   3.48800   0.56577
   3.49200   0.56948
   3.49600   0.57322
   3.50000   0.57701
   3.50400   0.58083
   3.50800   0.58468
   3.51200   0.58856
   3.51600   0.59246
   3.52000   0.59639
   3.52400   0.60034
   3.52800   0.60430
   3.53200   0.60828
   3.53600   0.61227
   3.54000   0.61626
   3.54400   0.62026
   3.54800   0.62426
   3.55200   0.62826
   3.55600   0.63225
   3.56000   0.63623
   3.56400   0.64020
   3.56800   0.64416
   3.57200   0.64809
   3.57600   0.65201
   3.58000   0.65590
   3.58400   0.65976
   3.58800   0.66359
   3.59200   0.66738
   3.59600   0.67114
   3.60000   0.67485
   3.60400   0.67852
   3.60800   0.68215
   3.61200   0.68572
   3.61600   0.68924
   3.62000   0.69271
   3.62400   0.69611
   3.62800   0.69945
   3.63200   0.70273
   3.63600   0.70594
   3.64000   0.70908
   3.64400   0.71214
   3.64800   0.71513
   3.65200   0.71804
   3.65600   0.72087
   3.66000   0.72362
   3.66400   0.72627
   3.66800   0.72884
   3.67200   0.73132
   3.67600   0.73371
   3.68000   0.73600
   3.68400   0.73819
   3.68800   0.74028
   3.69200   0.74227
   3.69600   0.74416
   3.70000   0.74594
   3.70400   0.74762
   3.70800   0.74919
   3.71200   0.75064
   3.71600   0.75199
   3.72000   0.75323
   3.72400   0.75435
   3.72800   0.75535
   3.73200   0.75624
   3.73600   0.75701
   3.74000   0.75767
   3.74400   0.75821
   3.74800   0.75862
   3.75200   0.75892
   3.75600   0.75910
   3.76000   0.75916
   3.76400   0.75910
   3.76800   0.75891
   3.77200   0.75861
   3.77600   0.75819
   3.78000   0.75765
   3.78400   0.75698
   3.78800   0.75620
   3.79200   0.75530
   3.79600   0.75428
   3.80000   0.75315
   3.80400   0.75190
   3.80800   0.75053
   3.81200   0.74905
   3.81600   0.74746
   3.82000   0.74576
   3.82400   0.74394
   3.82800   0.74202
   3.83200   0.73999
   3.83600   0.73786
   3.84000   0.73563
   3.84400   0.73329
   3.84800   0.73086
   3.85200   0.72832
   3.85600   0.72570
   3.86000   0.72298
   3.86400   0.72017
   3.86800   0.71728
   3.87200   0.71430
   3.87600   0.71124
   3.88000   0.70811
   3.88400   0.70489
   3.88800   0.70161
   3.89200   0.69825
   3.89600   0.69483
   3.90000   0.69135
   3.90400   0.68780
   3.90800   0.68420
   3.91200   0.68055
   3.91600   0.67685
   3.92000   0.67310
   3.92400   0.66931
   3.92800   0.66549
   3.93200   0.66162
   3.93600   0.65773
   3.94000   0.65381
   3.94400   0.64987
   3.94800   0.64590
   3.95200   0.64193
   3.95600   0.63794
   3.96000   0.63394
   3.96400   0.62994
   3.96800   0.62594
   3.97200   0.62195
   3.97600   0.61796
   3.98000   0.61399
   3.98400   0.61004
   3.98800   0.60610
   3.99200   0.60219
   3.99600   0.59831
   4.00000   0.59446
