2.1932   1.5350
   2.1952   1.5199
   2.1972   1.5083
   2.1992   1.4987
   2.2012   1.4901
   2.2032   1.4825
   2.2052   1.4754
   2.2072   1.4689
   2.2092   1.4627
   2.2112   1.4569
   2.2132   1.4514
   2.2152   1.4462
   2.2172   1.4411
   2.2192   1.4363
   2.2212   1.4316
   2.2232   1.4272
   2.2252   1.4228
   2.2272   1.4186
   2.2292   1.4145
   2.2312   1.4105
   2.2332   1.4066
   2.2352   1.4029
   2.2372   1.3992
   2.2392   1.3956
   2.2412   1.3921
   2.2432   1.3886
   2.2452   1.3852
   2.2472   1.3819
   2.2492   1.3787
   2.2513   1.3755
   2.2533   1.3724
   2.2553   1.3693
   2.2573   1.3663
   2.2593   1.3633
   2.2613   1.3604
   2.2633   1.3575
   2.2653   1.3547
   2.2673   1.3519
   2.2693   1.3491
   2.2713   1.3464
   2.2733   1.3438
   2.2753   1.3411
   2.2773   1.3385
   2.2793   1.3360
   2.2813   1.3334
   2.2833   1.3309
   2.2853   1.3284
   2.2873   1.3260
   2.2893   1.3236
   2.2913   1.3212
   2.2933   1.3188
   2.2953   1.3165
   2.2973   1.3142
   2.2993   1.3119
   2.3013   1.3097
   2.3033   1.3074
   2.3053   1.3052
   2.3073   1.3030
   2.3093   1.3009
   2.3113   1.2987
   2.3133   1.2966
   2.3153   1.2945
   2.3173   1.2924
   2.3193   1.2904
   2.3213   1.2883
   2.3233   1.2863
   2.3253   1.2843
   2.3273   1.2823
   2.3293   1.2803
   2.3313   1.2784
   2.3333   1.2764
   2.3353   1.2745
   2.3373   1.2726
   2.3393   1.2707
   2.3413   1.2688
   2.3433   1.2670
   2.3453   1.2651
   2.3473   1.2633
   2.3493   1.2615
   2.3514   1.2597
   2.3534   1.2579
   2.3554   1.2561
   2.3574   1.2544
   2.3594   1.2526
   2.3614   1.2509
   2.3634   1.2492
   2.3654   1.2474
   2.3674   1.2457
   2.3694   1.2441
   2.3714   1.2424
   2.3734   1.2407
   2.3754   1.2391
   2.3774   1.2374
   2.3794   1.2358
   2.3814   1.2342
   2.3834   1.2326
   2.3854   1.2310
   2.3874   1.2294
   2.3894   1.2278
   2.3914   1.2262
   2.3934   1.2247
   2.3954   1.2231
   2.3974   1.2216
   2.3994   1.2201
   2.4014   1.2185
   2.4034   1.2170
   2.4054   1.2155
   2.4074   1.2140
   2.4094   1.2126
   2.4114   1.2111
   2.4134   1.2096
   2.4154   1.2082
   2.4174   1.2067
   2.4194   1.2053
   2.4214   1.2038
   2.4234   1.2024
   2.4254   1.2010
   2.4274   1.1996
   2.4294   1.1982
   2.4314   1.1968
   2.4334   1.1954
   2.4354   1.1940
   2.4374   1.1926
   2.4394   1.1913
   2.4414   1.1899
   2.4434   1.1886
   2.4454   1.1872
   2.4474   1.1859
   2.4494   1.1846
   2.4515   1.1832
   2.4535   1.1819
   2.4555   1.1806
   2.4575   1.1793
   2.4595   1.1780
   2.4615   1.1767
   2.4635   1.1754
   2.4655   1.1742
   2.4675   1.1729
   2.4695   1.1716
   2.4715   1.1704
   2.4735   1.1691
   2.4755   1.1679
   2.4775   1.1666
   2.4795   1.1654
   2.4815   1.1642
   2.4835   1.1629
   2.4855   1.1617
   2.4875   1.1605
   2.4895   1.1593
   2.4915   1.1581
   2.4935   1.1569
   2.4955   1.1557
   2.4975   1.1545
   2.4995   1.1534
   2.5015   1.1522
   2.5035   1.1510
   2.5055   1.1499
   2.5075   1.1487
   2.5095   1.1475
   2.5115   1.1464
   2.5135   1.1452
   2.5155   1.1441
   2.5175   1.1430
   2.5195   1.1418
   2.5215   1.1407
   2.5235   1.1396
   2.5255   1.1385
   2.5275   1.1374
   2.5295   1.1363
   2.5315   1.1352
   2.5335   1.1341
   2.5355   1.1330
   2.5375   1.1319
   2.5395   1.1308
   2.5415   1.1297
   2.5435   1.1287
   2.5455   1.1276
   2.5475   1.1265
   2.5495   1.1255
   2.5516   1.1244
   2.5536   1.1233
   2.5556   1.1223
   2.5576   1.1212
   2.5596   1.1202
   2.5616   1.1192
   2.5636   1.1181
   2.5656   1.1171
   2.5676   1.1161
   2.5696   1.1151
   2.5716   1.1140
   2.5736   1.1130
   2.5756   1.1120
   2.5776   1.1110
   2.5796   1.1100
   2.5816   1.1090
   2.5836   1.1080
   2.5856   1.1070
   2.5876   1.1060
   2.5896   1.1050
   2.5916   1.1041

