   1.0000e-03  -2.1844e+02
   1.1000e-02  -4.3000e+01
   2.1000e-02  -2.6659e+01
   3.1000e-02  -1.9730e+01
   4.1000e-02  -1.5775e+01
   5.1000e-02  -1.3178e+01
   6.1000e-02  -1.1324e+01
   7.1000e-02  -9.9268e+00
   8.1000e-02  -8.8309e+00
   9.1000e-02  -7.9456e+00
   1.0100e-01  -7.2140e+00
   1.1100e-01  -6.5980e+00
   1.2100e-01  -6.0715e+00
   1.3100e-01  -5.6157e+00
   1.4100e-01  -5.2170e+00
   1.5100e-01  -4.8650e+00
   1.6100e-01  -4.5517e+00
   1.7100e-01  -4.2709e+00
   1.8100e-01  -4.0176e+00
   1.9100e-01  -3.7880e+00
   2.0100e-01  -3.5787e+00
   2.1100e-01  -3.3872e+00
   2.2100e-01  -3.2112e+00
   2.3100e-01  -3.0488e+00
   2.4100e-01  -2.8986e+00
   2.5100e-01  -2.7591e+00
   2.6100e-01  -2.6292e+00
   2.7100e-01  -2.5081e+00
   2.8100e-01  -2.3947e+00
   2.9100e-01  -2.2883e+00
   3.0100e-01  -2.1884e+00
   3.1100e-01  -2.0943e+00
   3.2100e-01  -2.0056e+00
   3.3100e-01  -1.9218e+00
   3.4100e-01  -1.8424e+00
   3.5100e-01  -1.7672e+00
   3.6100e-01  -1.6958e+00
   3.7100e-01  -1.6279e+00
   3.8100e-01  -1.5633e+00
   3.9100e-01  -1.5018e+00
   4.0100e-01  -1.4430e+00
   4.1100e-01  -1.3869e+00
   4.2100e-01  -1.3333e+00
   4.3100e-01  -1.2820e+00
   4.4100e-01  -1.2329e+00
   4.5100e-01  -1.1857e+00
   4.6100e-01  -1.1405e+00
   4.7100e-01  -1.0970e+00
   4.8100e-01  -1.0553e+00
   4.9100e-01  -1.0151e+00
   5.0100e-01  -9.7646e-01
   5.1100e-01  -9.3921e-01
   5.2100e-01  -9.0330e-01
   5.3100e-01  -8.6866e-01
   5.4100e-01  -8.3523e-01
   5.5100e-01  -8.0294e-01
   5.6100e-01  -7.7174e-01
   5.7100e-01  -7.4157e-01
   5.8100e-01  -7.1239e-01
   5.9100e-01  -6.8414e-01
   6.0100e-01  -6.5678e-01
   6.1100e-01  -6.3027e-01
   6.2100e-01  -6.0457e-01
   6.3100e-01  -5.7965e-01
   6.4100e-01  -5.5547e-01
   6.5100e-01  -5.3200e-01
   6.6100e-01  -5.0921e-01
   6.7100e-01  -4.8708e-01
   6.8100e-01  -4.6556e-01
   6.9100e-01  -4.4464e-01
   7.0100e-01  -4.2430e-01
   7.1100e-01  -4.0451e-01
   7.2100e-01  -3.8524e-01
   7.3100e-01  -3.6649e-01
   7.4100e-01  -3.4822e-01
   7.5100e-01  -3.3043e-01
   7.6100e-01  -3.1309e-01
   7.7100e-01  -2.9618e-01
   7.8100e-01  -2.7970e-01
   7.9100e-01  -2.6362e-01
   8.0100e-01  -2.4793e-01
   8.1100e-01  -2.3262e-01
   8.2100e-01  -2.1767e-01
   8.3100e-01  -2.0308e-01
   8.4100e-01  -1.8882e-01
   8.5100e-01  -1.7490e-01
   8.6100e-01  -1.6129e-01
   8.7100e-01  -1.4799e-01
   8.8100e-01  -1.3498e-01
   8.9100e-01  -1.2227e-01
   9.0100e-01  -1.0983e-01
   9.1100e-01  -9.7659e-02
   9.2100e-01  -8.5752e-02
   9.3100e-01  -7.4098e-02
   9.4100e-01  -6.2690e-02
   9.5100e-01  -5.1519e-02
   9.6100e-01  -4.0580e-02
   9.7100e-01  -2.9865e-02
   9.8100e-01  -1.9368e-02
   9.9100e-01  -9.0817e-03
   1.0010e+00   9.9900e-04
   1.0110e+00   1.0880e-02
   1.0210e+00   2.0568e-02
   1.0310e+00   3.0067e-02
   1.0410e+00   3.9383e-02
   1.0510e+00   4.8520e-02
   1.0610e+00   5.7485e-02
   1.0710e+00   6.6280e-02
   1.0810e+00   7.4912e-02
   1.0910e+00   8.3383e-02
   1.1010e+00   9.1699e-02
   1.1110e+00   9.9864e-02
   1.1210e+00   1.0788e-01
   1.1310e+00   1.1575e-01
   1.1410e+00   1.2349e-01
   1.1510e+00   1.3108e-01
   1.1610e+00   1.3854e-01
   1.1710e+00   1.4588e-01
   1.1810e+00   1.5308e-01
   1.1910e+00   1.6017e-01
   1.2010e+00   1.6713e-01
   1.2110e+00   1.7397e-01
   1.2210e+00   1.8070e-01
   1.2310e+00   1.8732e-01
   1.2410e+00   1.9382e-01
   1.2510e+00   2.0022e-01
   1.2610e+00   2.0652e-01
   1.2710e+00   2.1271e-01
   1.2810e+00   2.1880e-01
   1.2910e+00   2.2480e-01
   1.3010e+00   2.3069e-01
   1.3110e+00   2.3650e-01
   1.3210e+00   2.4221e-01
   1.3310e+00   2.4784e-01
   1.3410e+00   2.5338e-01
   1.3510e+00   2.5883e-01
   1.3610e+00   2.6420e-01
   1.3710e+00   2.6949e-01
   1.3810e+00   2.7469e-01
   1.3910e+00   2.7982e-01
   1.4010e+00   2.8487e-01
   1.4110e+00   2.8985e-01
   1.4210e+00   2.9475e-01
   1.4310e+00   2.9958e-01
   1.4410e+00   3.0434e-01
   1.4510e+00   3.0903e-01
   1.4610e+00   3.1366e-01
   1.4710e+00   3.1821e-01
   1.4810e+00   3.2270e-01
   1.4910e+00   3.2713e-01
   1.5010e+00   3.3149e-01
   1.5110e+00   3.3580e-01
   1.5210e+00   3.4004e-01
   1.5310e+00   3.4422e-01
   1.5410e+00   3.4835e-01
   1.5510e+00   3.5242e-01
   1.5610e+00   3.5643e-01
   1.5710e+00   3.6039e-01
   1.5810e+00   3.6430e-01
   1.5910e+00   3.6815e-01
   1.6010e+00   3.7195e-01
   1.6110e+00   3.7570e-01
   1.6210e+00   3.7940e-01
   1.6310e+00   3.8305e-01
   1.6410e+00   3.8665e-01
   1.6510e+00   3.9021e-01
   1.6610e+00   3.9372e-01
   1.6710e+00   3.9718e-01
   1.6810e+00   4.0060e-01
   1.6910e+00   4.0397e-01
   1.7010e+00   4.0730e-01
   1.7110e+00   4.1059e-01
   1.7210e+00   4.1384e-01
   1.7310e+00   4.1705e-01
   1.7410e+00   4.2021e-01
   1.7510e+00   4.2334e-01
   1.7610e+00   4.2643e-01
   1.7710e+00   4.2948e-01
   1.7810e+00   4.3249e-01
   1.7910e+00   4.3546e-01
   1.8010e+00   4.3840e-01
   1.8110e+00   4.4131e-01
   1.8210e+00   4.4417e-01
   1.8310e+00   4.4700e-01
   1.8410e+00   4.4980e-01
   1.8510e+00   4.5257e-01
   1.8610e+00   4.5530e-01
   1.8710e+00   4.5800e-01
   1.8810e+00   4.6067e-01
   1.8910e+00   4.6330e-01
   1.9010e+00   4.6591e-01
   1.9110e+00   4.6848e-01
   1.9210e+00   4.7103e-01
   1.9310e+00   4.7354e-01
   1.9410e+00   4.7603e-01
   1.9510e+00   4.7849e-01
   1.9610e+00   4.8092e-01
   1.9710e+00   4.8332e-01
   1.9810e+00   4.8569e-01
   1.9910e+00   4.8804e-01
