   0.50000  -1.96052
   0.51000  -1.84877
   0.52000  -1.74391
   0.53000  -1.64542
   0.54000  -1.55282
   0.55000  -1.46568
   0.56000  -1.38360
   0.57000  -1.30622
   0.58000  -1.23321
   0.59000  -1.16427
   0.60000  -1.09912
   0.61000  -1.03751
   0.62000  -0.97920
   0.63000  -0.92398
   0.64000  -0.87165
   0.65000  -0.82203
   0.66000  -0.77495
   0.67000  -0.73024
   0.68000  -0.68777
   0.69000  -0.64740
   0.70000  -0.60901
   0.71000  -0.57248
   0.72000  -0.53770
   0.73000  -0.50458
   0.74000  -0.47301
   0.75000  -0.44292
   0.76000  -0.41421
   0.77000  -0.38682
   0.78000  -0.36068
   0.79000  -0.33571
   0.80000  -0.31185
   0.81000  -0.28905
   0.82000  -0.26726
   0.83000  -0.24641
   0.84000  -0.22647
   0.85000  -0.20738
   0.86000  -0.18911
   0.87000  -0.17161
   0.88000  -0.15485
   0.89000  -0.13879
   0.90000  -0.12340
   0.91000  -0.10864
   0.92000  -0.09449
   0.93000  -0.08092
   0.94000  -0.06789
   0.95000  -0.05540
   0.96000  -0.04340
   0.97000  -0.03188
   0.98000  -0.02082
   0.99000  -0.01020
   1.00000   0.00000
   1.01000   0.00980
   1.02000   0.01922
   1.03000   0.02828
   1.04000   0.03698
   1.05000   0.04535
   1.06000   0.05339
   1.07000   0.06113
   1.08000   0.06857
   1.09000   0.07573
   1.10000   0.08261
   1.11000   0.08924
   1.12000   0.09561
   1.13000   0.10175
   1.14000   0.10765
   1.15000   0.11333
   1.16000   0.11880
   1.17000   0.12406
   1.18000   0.12913
   1.19000   0.13400
   1.20000   0.13870
   1.21000   0.14322
   1.22000   0.14757
   1.23000   0.15175
   1.24000   0.15579
   1.25000   0.15967
   1.26000   0.16341
   1.27000   0.16700
   1.28000   0.17047
   1.29000   0.17380
   1.30000   0.17701
   1.31000   0.18009
   1.32000   0.18307
   1.33000   0.18593
   1.34000   0.18868
   1.35000   0.19133
   1.36000   0.19387
   1.37000   0.19632
   1.38000   0.19868
   1.39000   0.20094
   1.40000   0.20312
   1.41000   0.20522
   1.42000   0.20723
   1.43000   0.20916
   1.44000   0.21102
   1.45000   0.21280
   1.46000   0.21452
   1.47000   0.21616
   1.48000   0.21774
   1.49000   0.21926
   1.50000   0.22071
   1.51000   0.22210
   1.52000   0.22343
   1.53000   0.22471
   1.54000   0.22594
   1.55000   0.22711
   1.56000   0.22823
   1.57000   0.22930
   1.58000   0.23032
   1.59000   0.23130
   1.60000   0.23223
   1.61000   0.23312
   1.62000   0.23397
   1.63000   0.23478
   1.64000   0.23554
   1.65000   0.23627
   1.66000   0.23697
   1.67000   0.23763
   1.68000   0.23825
   1.69000   0.23884
   1.70000   0.23940
   1.71000   0.23992
   1.72000   0.24042
   1.73000   0.24088
   1.74000   0.24132
   1.75000   0.24173
   1.76000   0.24211
   1.77000   0.24247
   1.78000   0.24280
   1.79000   0.24311
   1.80000   0.24339
   1.81000   0.24366
   1.82000   0.24389
   1.83000   0.24411
   1.84000   0.24431
   1.85000   0.24448
   1.86000   0.24464
   1.87000   0.24478
   1.88000   0.24489
   1.89000   0.24500
   1.90000   0.24508
   1.91000   0.24515
   1.92000   0.24520
   1.93000   0.24523
   1.94000   0.24525
   1.95000   0.24525
   1.96000   0.24524
   1.97000   0.24522
   1.98000   0.24518
   1.99000   0.24513
   2.00000   0.24506
