   0.0010000  -0.0069078
   0.0110000  -0.0496085
   0.0210000  -0.0811279
   0.0310000  -0.1076868
   0.0410000  -0.1309615
   0.0510000  -0.1517724
   0.0610000  -0.1706098
   0.0710000  -0.1878004
   0.0810000  -0.2035778
   0.0910000  -0.2181175
   0.1010000  -0.2315561
   0.1110000  -0.2440030
   0.1210000  -0.2555477
   0.1310000  -0.2662651
   0.1410000  -0.2762183
   0.1510000  -0.2854618
   0.1610000  -0.2940425
   0.1710000  -0.3020017
   0.1810000  -0.3093757
   0.1910000  -0.3161970
   0.2010000  -0.3224945
   0.2110000  -0.3282943
   0.2210000  -0.3336200
   0.2310000  -0.3384930
   0.2410000  -0.3429330
   0.2510000  -0.3469579
   0.2610000  -0.3505843
   0.2710000  -0.3538275
   0.2810000  -0.3567016
   0.2910000  -0.3592197
   0.3010000  -0.3613941
   0.3110000  -0.3632363
   0.3210000  -0.3647568
   0.3310000  -0.3659658
   0.3410000  -0.3668726
   0.3510000  -0.3674861
   0.3610000  -0.3678147
   0.3710000  -0.3678662
   0.3810000  -0.3676482
   0.3910000  -0.3671677
   0.4010000  -0.3664313
   0.4110000  -0.3654456
   0.4210000  -0.3642165
   0.4310000  -0.3627499
   0.4410000  -0.3610513
   0.4510000  -0.3591259
   0.4610000  -0.3569787
   0.4710000  -0.3546146
   0.4810000  -0.3520381
   0.4910000  -0.3492538
   0.5010000  -0.3462657
   0.5110000  -0.3430781
   0.5210000  -0.3396947
   0.5310000  -0.3361194
   0.5410000  -0.3323558
   0.5510000  -0.3284073
   0.5610000  -0.3242773
   0.5710000  -0.3199690
   0.5810000  -0.3154856
   0.5910000  -0.3108301
   0.6010000  -0.3060054
   0.6110000  -0.3010142
   0.6210000  -0.2958594
   0.6310000  -0.2905436
   0.6410000  -0.2850693
   0.6510000  -0.2794389
   0.6610000  -0.2736550
   0.6710000  -0.2677197
   0.6810000  -0.2616354
   0.6910000  -0.2554043
   0.7010000  -0.2490284
   0.7110000  -0.2425099
   0.7210000  -0.2358507
   0.7310000  -0.2290529
   0.7410000  -0.2221182
   0.7510000  -0.2150486
   0.7610000  -0.2078458
   0.7710000  -0.2005116
   0.7810000  -0.1930477
   0.7910000  -0.1854557
   0.8010000  -0.1777374
   0.8110000  -0.1698941
   0.8210000  -0.1619276
   0.8310000  -0.1538393
   0.8410000  -0.1456306
   0.8510000  -0.1373030
   0.8610000  -0.1288579
   0.8710000  -0.1202967
   0.8810000  -0.1116206
   0.8910000  -0.1028311
   0.9010000  -0.0939293
   0.9110000  -0.0849165
   0.9210000  -0.0757939
   0.9310000  -0.0665628
   0.9410000  -0.0572242
   0.9510000  -0.0477794
   0.9610000  -0.0382294
   0.9710000  -0.0285754
   0.9810000  -0.0188183
   0.9910000  -0.0089594
   1.0010000   0.0010005
   1.0110000   0.0110603
   1.0210000   0.0212190
   1.0310000   0.0314756
   1.0410000   0.0418292
   1.0510000   0.0522789
   1.0610000   0.0628238
   1.0710000   0.0734629
   1.0810000   0.0841953
   1.0910000   0.0950203
   1.1010000   0.1059370
   1.1110000   0.1169444
   1.1210000   0.1280419
   1.1310000   0.1392286
   1.1410000   0.1505037
   1.1510000   0.1618664
   1.1610000   0.1733161
   1.1710000   0.1848518
   1.1810000   0.1964730
   1.1910000   0.2081788
   1.2010000   0.2199686
   1.2110000   0.2318417
   1.2210000   0.2437973
   1.2310000   0.2558348
   1.2410000   0.2679536
   1.2510000   0.2801530
   1.2610000   0.2924323
   1.2710000   0.3047909
   1.2810000   0.3172282
   1.2910000   0.3297435
   1.3010000   0.3423363
   1.3110000   0.3550060
   1.3210000   0.3677519
   1.3310000   0.3805735
   1.3410000   0.3934703
   1.3510000   0.4064417
   1.3610000   0.4194870
   1.3710000   0.4326059
   1.3810000   0.4457977
   1.3910000   0.4590619
   1.4010000   0.4723980
   1.4110000   0.4858054
   1.4210000   0.4992838
   1.4310000   0.5128325
   1.4410000   0.5264511
   1.4510000   0.5401391
   1.4610000   0.5538960
   1.4710000   0.5677213
   1.4810000   0.5816147
   1.4910000   0.5955755
   1.5010000   0.6096035
   1.5110000   0.6236980
   1.5210000   0.6378587
   1.5310000   0.6520852
   1.5410000   0.6663770
   1.5510000   0.6807337
   1.5610000   0.6951549
   1.5710000   0.7096401
   1.5810000   0.7241890
   1.5910000   0.7388011
   1.6010000   0.7534761
   1.6110000   0.7682136
   1.6210000   0.7830131
   1.6310000   0.7978743
   1.6410000   0.8127968
   1.6510000   0.8277803
   1.6610000   0.8428243
   1.6710000   0.8579286
   1.6810000   0.8730927
   1.6910000   0.8883162
   1.7010000   0.9035989
   1.7110000   0.9189404
   1.7210000   0.9343404
   1.7310000   0.9497984
   1.7410000   0.9653143
   1.7510000   0.9808875
   1.7610000   0.9965179
   1.7710000   1.0122051
   1.7810000   1.0279487
   1.7910000   1.0437485
   1.8010000   1.0596041
   1.8110000   1.0755152
   1.8210000   1.0914815
   1.8310000   1.1075028
   1.8410000   1.1235787
   1.8510000   1.1397089
   1.8610000   1.1558931
   1.8710000   1.1721311
   1.8810000   1.1884225
   1.8910000   1.2047670
   1.9010000   1.2211645
   1.9110000   1.2376146
   1.9210000   1.2541169
   1.9310000   1.2706714
   1.9410000   1.2872776
   1.9510000   1.3039354
   1.9610000   1.3206444
   1.9710000   1.3374044
   1.9810000   1.3542151
   1.9910000   1.3710763
